SAMKNN 5000 50 2 2 distance maxACC 1000 100 100
9.0
91.0
0.0
0.0
0.0
2.0
0.0
98.0
0.0
0.0
42.0
57.99999999999999
0.0
0.0
0.0
100.0
0.0
0.0
0.0
0.0
19.0
81.0
0.0
0.0
0.0
11.0
89.0
0.0
0.0
0.0
0.0
100.0
0.0
0.0
0.0
0.0
0.0
100.0
0.0
0.0
0.0
61.0
0.0
39.0
0.0
0.0
0.0
0.0
100.0
0.0
0.0
83.0
0.0
17.0
0.0
0.0
91.0
0.0
9.0
0.0
0.0
100.0
0.0
0.0
0.0
0.0
0.0
100.0
0.0
0.0
8.0
0.0
0.0
92.0
0.0
0.0
0.0
0.0
0.0
100.0
17.0
83.0
0.0
0.0
0.0
9.0
89.0
0.0
2.0
0.0
SAMKNN 5000 20 2 2 distance maxACC 1000 100 100
0.0
100.0
0.0
0.0
0.0
1.0
0.0
99.0
0.0
0.0
79.0
21.0
0.0
0.0
0.0
100.0
0.0
0.0
0.0
0.0
24.0
76.0
0.0
0.0
0.0
22.0
78.0
0.0
0.0
0.0
0.0
100.0
0.0
0.0
0.0
0.0
0.0
100.0
0.0
0.0
13.0
0.0
0.0
87.0
0.0
100.0
0.0
0.0
0.0
0.0
24.0
76.0
0.0
0.0
0.0
22.0
78.0
0.0
0.0
0.0
0.0
100.0
0.0
0.0
0.0
0.0
0.0
100.0
0.0
0.0
11.0
0.0
0.0
89.0
0.0
0.0
0.0
0.0
0.0
100.0
24.0
76.0
0.0
0.0
0.0
19.0
78.0
0.0
3.0
0.0
SAMKNN 5000 10 2 2 distance maxACC 1000 100 100
0.0
100.0
0.0
0.0
0.0
2.0
0.0
98.0
0.0
0.0
100.0
0.0
0.0
0.0
0.0
100.0
0.0
0.0
0.0
0.0
28.000000000000004
72.0
0.0
0.0
0.0
24.0
76.0
0.0
0.0
0.0
0.0
100.0
0.0
0.0
0.0
2.0
0.0
98.0
0.0
0.0
19.0
0.0
0.0
81.0
0.0
100.0
0.0
0.0
0.0
0.0
28.000000000000004
72.0
0.0
0.0
0.0
24.0
76.0
0.0
0.0
0.0
0.0
100.0
0.0
0.0
0.0
2.0
0.0
98.0
0.0
0.0
19.0
0.0
0.0
81.0
0.0
0.0
0.0
0.0
0.0
100.0
28.000000000000004
72.0
0.0
0.0
0.0
24.0
76.0
0.0
0.0
0.0
SAMKNN 5000 50 5 2 distance maxACC 1000 100 100
0.0
100.0
0.0
0.0
0.0
0.0
0.0
100.0
0.0
0.0
39.0
61.0
0.0
0.0
0.0
100.0
0.0
0.0
0.0
0.0
17.0
83.0
0.0
0.0
0.0
9.0
91.0
0.0
0.0
0.0
0.0
100.0
0.0
0.0
0.0
0.0
0.0
100.0
0.0
0.0
8.0
0.0
0.0
92.0
0.0
19.0
0.0
0.0
81.0
0.0
17.0
83.0
0.0
0.0
0.0
9.0
89.0
0.0
2.0
0.0
0.0
100.0
0.0
0.0
0.0
0.0
0.0
100.0
0.0
0.0
8.0
0.0
0.0
92.0
0.0
0.0
0.0
0.0
0.0
100.0
17.0
83.0
0.0
0.0
0.0
9.0
88.0
0.0
3.0
0.0
SAMKNN 5000 20 5 2 distance maxACC 1000 100 100
5.0
95.0
0.0
0.0
0.0
6.0
0.0
94.0
0.0
0.0
79.0
21.0
0.0
0.0
0.0
100.0
0.0
0.0
0.0
0.0
25.0
75.0
0.0
0.0
0.0
22.0
78.0
0.0
0.0
0.0
0.0
100.0
0.0
0.0
0.0
1.0
0.0
99.0
0.0
0.0
14.000000000000002
0.0
0.0
86.0
0.0
100.0
0.0
0.0
0.0
0.0
24.0
76.0
0.0
0.0
0.0
21.0
78.0
0.0
1.0
0.0
0.0
100.0
0.0
0.0
0.0
1.0
0.0
99.0
0.0
0.0
12.0
0.0
0.0
88.0
0.0
2.0
0.0
0.0
0.0
98.0
24.0
76.0
0.0
0.0
0.0
20.0
78.0
0.0
2.0
0.0
SAMKNN 5000 10 5 2 distance maxACC 1000 100 100
1.0
99.0
0.0
0.0
0.0
4.0
0.0
96.0
0.0
0.0
100.0
0.0
0.0
0.0
0.0
100.0
0.0
0.0
0.0
0.0
30.0
70.0
0.0
0.0
0.0
25.0
75.0
0.0
0.0
0.0
1.0
99.0
0.0
0.0
0.0
3.0
0.0
97.0
0.0
0.0
21.0
0.0
0.0
79.0
0.0
100.0
0.0
0.0
0.0
0.0
30.0
70.0
0.0
0.0
0.0
25.0
75.0
0.0
0.0
0.0
1.0
99.0
0.0
0.0
0.0
3.0
0.0
97.0
0.0
0.0
21.0
0.0
0.0
79.0
0.0
2.0
0.0
0.0
0.0
98.0
30.0
70.0
0.0
0.0
0.0
25.0
75.0
0.0
0.0
0.0
SAMKNN 5000 50 2 2 distance maxACCApprox 1000 100 100
9.0
91.0
0.0
0.0
0.0
2.0
0.0
98.0
0.0
0.0
42.0
57.99999999999999
0.0
0.0
0.0
100.0
0.0
0.0
0.0
0.0
19.0
81.0
0.0
0.0
0.0
11.0
89.0
0.0
0.0
0.0
0.0
100.0
0.0
0.0
0.0
0.0
0.0
100.0
0.0
0.0
0.0
61.0
0.0
39.0
0.0
0.0
0.0
0.0
100.0
0.0
0.0
83.0
0.0
17.0
0.0
0.0
91.0
0.0
9.0
0.0
0.0
100.0
0.0
0.0
0.0
0.0
0.0
100.0
0.0
0.0
0.0
0.0
0.0
92.0
8.0
0.0
0.0
0.0
81.0
19.0
0.0
83.0
0.0
0.0
17.0
0.0
89.0
0.0
2.0
9.0
SAMKNN 5000 20 2 2 distance maxACCApprox 1000 100 100
0.0
100.0
0.0
0.0
0.0
1.0
0.0
99.0
0.0
0.0
79.0
21.0
0.0
0.0
0.0
100.0
0.0
0.0
0.0
0.0
24.0
76.0
0.0
0.0
0.0
22.0
78.0
0.0
0.0
0.0
0.0
100.0
0.0
0.0
0.0
0.0
0.0
100.0
0.0
0.0
13.0
0.0
0.0
87.0
0.0
100.0
0.0
0.0
0.0
0.0
24.0
76.0
0.0
0.0
0.0
22.0
78.0
0.0
0.0
0.0
0.0
100.0
0.0
0.0
0.0
0.0
0.0
100.0
0.0
0.0
11.0
0.0
0.0
89.0
0.0
1.0
0.0
0.0
0.0
99.0
24.0
76.0
0.0
0.0
0.0
19.0
78.0
0.0
3.0
0.0
SAMKNN 5000 10 2 2 distance maxACCApprox 1000 100 100
0.0
100.0
0.0
0.0
0.0
2.0
0.0
98.0
0.0
0.0
100.0
0.0
0.0
0.0
0.0
100.0
0.0
0.0
0.0
0.0
28.000000000000004
72.0
0.0
0.0
0.0
24.0
76.0
0.0
0.0
0.0
0.0
100.0
0.0
0.0
0.0
2.0
0.0
98.0
0.0
0.0
19.0
0.0
0.0
81.0
0.0
100.0
0.0
0.0
0.0
0.0
28.000000000000004
72.0
0.0
0.0
0.0
24.0
76.0
0.0
0.0
0.0
0.0
100.0
0.0
0.0
0.0
2.0
0.0
98.0
0.0
0.0
19.0
0.0
0.0
81.0
0.0
0.0
0.0
0.0
0.0
100.0
28.000000000000004
72.0
0.0
0.0
0.0
24.0
76.0
0.0
0.0
0.0
SAMKNN 5000 50 5 2 distance maxACCApprox 1000 100 100
0.0
100.0
0.0
0.0
0.0
0.0
0.0
100.0
0.0
0.0
39.0
61.0
0.0
0.0
0.0
100.0
0.0
0.0
0.0
0.0
17.0
83.0
0.0
0.0
0.0
9.0
91.0
0.0
0.0
0.0
0.0
100.0
0.0
0.0
0.0
0.0
0.0
100.0
0.0
0.0
8.0
0.0
0.0
92.0
0.0
19.0
0.0
0.0
81.0
0.0
17.0
83.0
0.0
0.0
0.0
9.0
89.0
0.0
2.0
0.0
0.0
100.0
0.0
0.0
0.0
0.0
0.0
100.0
0.0
0.0
8.0
0.0
0.0
92.0
0.0
0.0
0.0
0.0
0.0
100.0
17.0
83.0
0.0
0.0
0.0
9.0
88.0
0.0
3.0
0.0
SAMKNN 5000 20 5 2 distance maxACCApprox 1000 100 100
0.0
100.0
0.0
0.0
0.0
1.0
0.0
99.0
0.0
0.0
79.0
21.0
0.0
0.0
0.0
100.0
0.0
0.0
0.0
0.0
24.0
76.0
0.0
0.0
0.0
22.0
78.0
0.0
0.0
0.0
0.0
100.0
0.0
0.0
0.0
1.0
0.0
99.0
0.0
0.0
14.000000000000002
0.0
0.0
86.0
0.0
100.0
0.0
0.0
0.0
0.0
24.0
76.0
0.0
0.0
0.0
21.0
78.0
0.0
1.0
0.0
0.0
100.0
0.0
0.0
0.0
1.0
0.0
99.0
0.0
0.0
12.0
0.0
0.0
88.0
0.0
5.0
0.0
0.0
0.0
95.0
24.0
76.0
0.0
0.0
0.0
20.0
78.0
0.0
2.0
0.0
SAMKNN 5000 10 5 2 distance maxACCApprox 1000 100 100
1.0
99.0
0.0
0.0
0.0
2.0
0.0
98.0
0.0
0.0
100.0
0.0
0.0
0.0
0.0
100.0
0.0
0.0
0.0
0.0
30.0
70.0
0.0
0.0
0.0
25.0
75.0
0.0
0.0
0.0
1.0
99.0
0.0
0.0
0.0
2.0
0.0
98.0
0.0
0.0
21.0
0.0
0.0
79.0
0.0
100.0
0.0
0.0
0.0
0.0
30.0
70.0
0.0
0.0
0.0
25.0
75.0
0.0
0.0
0.0
1.0
99.0
0.0
0.0
0.0
2.0
0.0
98.0
0.0
0.0
21.0
0.0
0.0
79.0
0.0
3.0
0.0
0.0
0.0
97.0
30.0
70.0
0.0
0.0
0.0
25.0
75.0
0.0
0.0
0.0
SAMKNN 5000 50 2 2 distance None 1000 100 100
0.0
100.0
0.0
0.0
0.0
0.0
100.0
0.0
0.0
0.0
0.0
100.0
0.0
0.0
0.0
0.0
100.0
0.0
0.0
0.0
0.0
100.0
0.0
0.0
0.0
0.0
100.0
0.0
0.0
0.0
0.0
100.0
0.0
0.0
0.0
0.0
100.0
0.0
0.0
0.0
0.0
100.0
0.0
0.0
0.0
0.0
100.0
0.0
0.0
0.0
0.0
100.0
0.0
0.0
0.0
0.0
100.0
0.0
0.0
0.0
0.0
100.0
0.0
0.0
0.0
0.0
100.0
0.0
0.0
0.0
0.0
100.0
0.0
0.0
0.0
0.0
100.0
0.0
0.0
0.0
0.0
100.0
0.0
0.0
0.0
0.0
100.0
0.0
0.0
0.0
SAMKNN 5000 20 2 2 distance None 1000 100 100
0.0
100.0
0.0
0.0
0.0
0.0
100.0
0.0
0.0
0.0
0.0
100.0
0.0
0.0
0.0
0.0
100.0
0.0
0.0
0.0
0.0
100.0
0.0
0.0
0.0
0.0
100.0
0.0
0.0
0.0
0.0
100.0
0.0
0.0
0.0
0.0
100.0
0.0
0.0
0.0
0.0
100.0
0.0
0.0
0.0
0.0
100.0
0.0
0.0
0.0
0.0
100.0
0.0
0.0
0.0
0.0
100.0
0.0
0.0
0.0
0.0
100.0
0.0
0.0
0.0
0.0
100.0
0.0
0.0
0.0
0.0
100.0
0.0
0.0
0.0
0.0
100.0
0.0
0.0
0.0
0.0
100.0
0.0
0.0
0.0
0.0
100.0
0.0
0.0
0.0
SAMKNN 5000 10 2 2 distance None 1000 100 100
0.0
100.0
0.0
0.0
0.0
0.0
100.0
0.0
0.0
0.0
0.0
100.0
0.0
0.0
0.0
0.0
100.0
0.0
0.0
0.0
0.0
100.0
0.0
0.0
0.0
0.0
100.0
0.0
0.0
0.0
0.0
100.0
0.0
0.0
0.0
0.0
100.0
0.0
0.0
0.0
0.0
100.0
0.0
0.0
0.0
0.0
100.0
0.0
0.0
0.0
0.0
100.0
0.0
0.0
0.0
0.0
100.0
0.0
0.0
0.0
0.0
100.0
0.0
0.0
0.0
0.0
100.0
0.0
0.0
0.0
0.0
100.0
0.0
0.0
0.0
0.0
100.0
0.0
0.0
0.0
0.0
100.0
0.0
0.0
0.0
0.0
100.0
0.0
0.0
0.0
SAMKNN 5000 50 5 2 distance None 1000 100 100
0.0
100.0
0.0
0.0
0.0
0.0
100.0
0.0
0.0
0.0
0.0
100.0
0.0
0.0
0.0
0.0
100.0
0.0
0.0
0.0
0.0
100.0
0.0
0.0
0.0
0.0
100.0
0.0
0.0
0.0
0.0
100.0
0.0
0.0
0.0
0.0
100.0
0.0
0.0
0.0
0.0
100.0
0.0
0.0
0.0
0.0
100.0
0.0
0.0
0.0
0.0
100.0
0.0
0.0
0.0
0.0
100.0
0.0
0.0
0.0
0.0
100.0
0.0
0.0
0.0
0.0
100.0
0.0
0.0
0.0
0.0
100.0
0.0
0.0
0.0
0.0
100.0
0.0
0.0
0.0
0.0
100.0
0.0
0.0
0.0
0.0
100.0
0.0
0.0
0.0