sqrt 100 nb gini
0.0
99.0
0.0
0.0
0.0
0.0
100.0
0.0
0.0
98.0
0.0
0.0
0.0
100.0
0.0
0.0
0.0
96.0
0.0
0.0
0.0
98.0
0.0
0.0
0.0
0.0
0.0
5.0
0.0
0.0
95.0
0.0
0.0
0.0
0.0
98.0
0.0
0.0
0.0
100.0
0.0
0.0
0.0
8.0
0.0
0.0
0.0
11.0
sqrt 100 nb info_gain
0.0
98.0
0.0
0.0
0.0
0.0
100.0
0.0
0.0
99.0
0.0
0.0
0.0
100.0
0.0
0.0
0.0
95.0
0.0
0.0
0.0
98.0
0.0
0.0
0.0
0.0
0.0
0.0
0.0
0.0
100.0
0.0
0.0
0.0
0.0
98.0
0.0
0.0
0.0
95.0
0.0
0.0
0.0
7.0
0.0
0.0
0.0
10.0
sqrt 100 mc gini
0.0
99.0
0.0
0.0
0.0
0.0
99.0
0.0
0.0
94.0
0.0
0.0
0.0
93.0
0.0
0.0
0.0
90.0
0.0
0.0
0.0
93.0
0.0
0.0
0.0
0.0
0.0
0.0
0.0
0.0
100.0
0.0
0.0
0.0
0.0
98.0
0.0
0.0
0.0
94.0
0.0
0.0
0.0
5.0
0.0
0.0
0.0
8.0
sqrt 100 mc info_gain
0.0
100.0
0.0
0.0
0.0
0.0
99.0
0.0
0.0
98.0
0.0
0.0
0.0
100.0
0.0
0.0
0.0
95.0
0.0
0.0
0.0
98.0
0.0
0.0
0.0
0.0
0.0
0.0
0.0
0.0
100.0
0.0
0.0
0.0
0.0
97.0
0.0
0.0
0.0
95.0
0.0
0.0
0.0
7.0
0.0
0.0
0.0
10.0
sqrt 100 nba gini
0.0
99.0
0.0
0.0
0.0
0.0
100.0
0.0
0.0
99.0
0.0
0.0
0.0
99.0
0.0
0.0
0.0
96.0
0.0
0.0
0.0
99.0
0.0
0.0
0.0
0.0
0.0
0.0
0.0
0.0
94.0
0.0
0.0
0.0
0.0
98.0
0.0
0.0
0.0
94.0
0.0
0.0
0.0
7.0
0.0
0.0
0.0
10.0
sqrt 100 nba info_gain
0.0
99.0
0.0
0.0
0.0
0.0
100.0
0.0
0.0
98.0
0.0
0.0
0.0
100.0
0.0
0.0
0.0
94.0
0.0
0.0
0.0
98.0
0.0
0.0
0.0
0.0
0.0
0.0
0.0
0.0
99.0
0.0
0.0
0.0
0.0
97.0
0.0
0.0
0.0
95.0
0.0
0.0
0.0
7.0
0.0
0.0
0.0
10.0
sqrt 1000 nb gini
0.0
99.0
0.0
0.0
0.0
0.0
100.0
0.0
0.0
100.0
0.0
0.0
0.0
100.0
0.0
0.0
0.0
94.0
0.0
0.0
0.0
99.0
0.0
0.0
0.0
0.0
0.0
0.0
0.0
0.0
99.0
0.0
0.0
0.0
0.0
99.0
0.0
0.0
0.0
95.0
0.0
0.0
0.0
7.0
0.0
0.0
0.0
10.0
sqrt 1000 nb info_gain
0.0
100.0
0.0
0.0
0.0
0.0
95.0
0.0
0.0
99.0
0.0
0.0
0.0
100.0
0.0
0.0
0.0
96.0
0.0
0.0
0.0
99.0
0.0
0.0
0.0
0.0
0.0
0.0
0.0
0.0
89.0
0.0
0.0
0.0
0.0
97.0
0.0
0.0
0.0
95.0
0.0
0.0
0.0
6.0
0.0
0.0
0.0
9.0
sqrt 1000 mc gini
0.0
99.0
0.0
0.0
0.0
0.0
99.0
0.0
0.0
96.0
0.0
0.0
0.0
100.0
0.0
0.0
0.0
91.0
0.0
0.0
0.0
95.0
0.0
0.0
0.0
0.0
0.0
0.0
0.0
0.0
99.0
0.0
0.0
0.0
0.0
96.0
0.0
0.0
0.0
95.0
0.0
0.0
0.0
5.0
0.0
0.0
0.0
7.0
sqrt 1000 mc info_gain
0.0
100.0
0.0
0.0
0.0
0.0
99.0
0.0
0.0
100.0
0.0
0.0
0.0
100.0
0.0
0.0
0.0
94.0
0.0
0.0
0.0
100.0
0.0
0.0
0.0
0.0
0.0
0.0
0.0
0.0
99.0
0.0
0.0
0.0
0.0
99.0
0.0
0.0
0.0
95.0
0.0
0.0
0.0
7.0
0.0
0.0
0.0
10.0
sqrt 1000 nba gini
0.0
98.0
0.0
0.0
0.0
0.0
100.0
0.0
0.0
100.0
0.0
0.0
0.0
100.0
0.0
0.0
0.0
94.0
0.0
0.0
0.0
100.0
0.0
0.0
0.0
0.0
0.0
0.0
0.0
0.0
100.0
0.0
0.0
0.0
0.0
99.0
0.0
0.0
0.0
95.0
0.0
0.0
0.0
7.0
0.0
0.0
0.0
10.0
sqrt 1000 nba info_gain
0.0
98.0
0.0
0.0
0.0
0.0
100.0
0.0
0.0
99.0
0.0
0.0
0.0
100.0
0.0
0.0
0.0
95.0
0.0
0.0
0.0
99.0
0.0
0.0
0.0
0.0
0.0
0.0
0.0
0.0
99.0
0.0
0.0
0.0
0.0
98.0
0.0
0.0
0.0
94.0
0.0
0.0
0.0
7.0
0.0
0.0
0.0
10.0
sqrt 10 nb gini
0.0
99.0
0.0
0.0
0.0
0.0
100.0
0.0
0.0
99.0
0.0
0.0
0.0
100.0
0.0
0.0
0.0
95.0
0.0
0.0
0.0
99.0
0.0
0.0
0.0
0.0
0.0
0.0
0.0
0.0
99.0
0.0
0.0
0.0
0.0
99.0
0.0
0.0
0.0
100.0
0.0
0.0
0.0
8.0
0.0
0.0
0.0
11.0
sqrt 10 nb info_gain
0.0
100.0
0.0
0.0
0.0
0.0
100.0
0.0
0.0
99.0
0.0
0.0
0.0
100.0
0.0
0.0
0.0
95.0
0.0
0.0
0.0
97.0
0.0
0.0
0.0
0.0
0.0
0.0
0.0
0.0
97.0
0.0
0.0
0.0
0.0
95.0
0.0
0.0
0.0
95.0
0.0
0.0
0.0
4.0
0.0
0.0
0.0
7.0
sqrt 10 mc gini
0.0
100.0
0.0
0.0
0.0
0.0
99.0
0.0
0.0
100.0
0.0
0.0
0.0
100.0
0.0
0.0
0.0
97.0
0.0
0.0
0.0
100.0
0.0
0.0
0.0
0.0
0.0
0.0
0.0
0.0
100.0
0.0
0.0
0.0
0.0
99.0
0.0
0.0
0.0
95.0
0.0
0.0
0.0
7.0
0.0
0.0
0.0
10.0
sqrt 10 mc info_gain
0.0
98.0
0.0
0.0
0.0
0.0
100.0
0.0
0.0
99.0
0.0
0.0
0.0
100.0
0.0
0.0
0.0
96.0
0.0
0.0
0.0
99.0
0.0
0.0
0.0
0.0
0.0
0.0
0.0
0.0
99.0
0.0
0.0
0.0
0.0
99.0
0.0
0.0
0.0
16.0
0.0
0.0
0.0
3.0
0.0
0.0
0.0
4.0
sqrt 10 nba gini
0.0
98.0
0.0
0.0
0.0
0.0
100.0
0.0
0.0
99.0
0.0
0.0
0.0
95.0
0.0
0.0
0.0
96.0
0.0
0.0
0.0
99.0
0.0
0.0
0.0
0.0
0.0
0.0
0.0
0.0
100.0
0.0
0.0
0.0
0.0
98.0
0.0
0.0
0.0
1.0
0.0
0.0
0.0
7.0
0.0
0.0
0.0
10.0
sqrt 100 nb gini
0.0
100.0
0.0
0.0
0.0
0.0
90.0
0.0
0.0
100.0
0.0
0.0
0.0
100.0
0.0
0.0
0.0
100.0
0.0
0.0
0.0
100.0
0.0
0.0
0.0
0.0
0.0
0.0
0.0
0.0
99.0
0.0
0.0
0.0
0.0
0.0
0.0
0.0
0.0
0.0
0.0
0.0
0.0
0.0
0.0
0.0
0.0
0.0
sqrt 100 nb gini
0.0
400.0
0.0
0.0
0.0
0.0
400.0
0.0
0.0
180.0
0.0
0.0
0.0
400.0
0.0
0.0
0.0
81.0
0.0
0.0
0.0
161.0
0.0
0.0
0.0
0.0
0.0
0.0
0.0
0.0
400.0
0.0
0.0
0.0
0.0
378.0
0.0
0.0
0.0
388.0
0.0
0.0
0.0
11.0
0.0
0.0
0.0
10.0
sqrt 100 nb info_gain
0.0
400.0
0.0
0.0
0.0
0.0
400.0
0.0
0.0
398.0
0.0
0.0
0.0
400.0
0.0
0.0
0.0
388.0
0.0
0.0
0.0
397.0
0.0
0.0
0.0
0.0
0.0
0.0
0.0
0.0
400.0
0.0
0.0
0.0
0.0
332.0
0.0
0.0
0.0
373.0
0.0
0.0
0.0
0.0
0.0
0.0
0.0
3.0
sqrt 100 mc gini
0.0
0.0
0.0
0.0
0.0
0.0
0.0
0.0
0.0
0.0
0.0
0.0
0.0
0.0
0.0
0.0
0.0
0.0
0.0
0.0
0.0
0.0
0.0
0.0
0.0
0.0
0.0
0.0
0.0
0.0
0.0
0.0
0.0
0.0
0.0
0.0
0.0
0.0
0.0
0.0
0.0
0.0
0.0
0.0
0.0
0.0
0.0
0.0
sqrt 100 mc info_gain
0.0
0.0
0.0
0.0
0.0
0.0
0.0
0.0
0.0
0.0
0.0
0.0
0.0
0.0
0.0
0.0
0.0
0.0
0.0
0.0
0.0
0.0
0.0
0.0
0.0
0.0
0.0
0.0
0.0
0.0
0.0
0.0
0.0
0.0
0.0
0.0
0.0
0.0
0.0
0.0
0.0
0.0
0.0
0.0
0.0
0.0
0.0
0.0
sqrt 100 nba gini
0.0
398.0
0.0
0.0
0.0
0.0
400.0
0.0
0.0
378.0
0.0
0.0
0.0
399.0
0.0
0.0
0.0
372.0
0.0
0.0
0.0
378.0
0.0
0.0
0.0
0.0
0.0
373.0
0.0
0.0
400.0
0.0
0.0
0.0
0.0
0.0
0.0
0.0
0.0
0.0
0.0
0.0
0.0
16.0
0.0
0.0
0.0
16.0
sqrt 100 nba info_gain
0.0
396.0
0.0
0.0
0.0
0.0
364.0
0.0
0.0
395.0
0.0
0.0
0.0
398.0
0.0
0.0
0.0
382.0
0.0
0.0
0.0
396.0
0.0
0.0
0.0
0.0
0.0
0.0
0.0
0.0
364.0
0.0
0.0
0.0
0.0
0.0
0.0
0.0
0.0
0.0
0.0
0.0
0.0
0.0
0.0
0.0
0.0
0.0
sqrt 100 nb gini
0.0
100.0
0.0
0.0
0.0
0.0
100.0
0.0
0.0
0.0
0.0
0.0
0.0
0.0
0.0
0.0
0.0
0.0
0.0
0.0
0.0
0.0
0.0
0.0
0.0
100.0
0.0
0.0
0.0
0.0
100.0
0.0
0.0
0.0
0.0
93.0
0.0
0.0
0.0
79.0
0.0
0.0
0.0
72.0
0.0
0.0
0.0
91.0
False 0.05 nb gini
0.0
95.0
0.0
0.0
0.0
0.0
100.0
0.0
0.0
0.0
0.0
0.0
0.0
0.0
0.0
0.0
0.0
0.0
0.0
0.0
0.0
0.0
0.0
0.0
0.0
95.0
0.0
0.0
0.0
0.0
100.0
0.0
0.0
0.0
0.0
99.0
0.0
0.0
0.0
81.0
0.0
0.0
0.0
80.0
0.0
0.0
0.0
99.0
False 0.05 mc gini
0.0
0.0
0.0
0.0
0.0
0.0
0.0
0.0
0.0
0.0
0.0
0.0
0.0
0.0
0.0
0.0
0.0
0.0
0.0
0.0
0.0
0.0
0.0
0.0
0.0
0.0
0.0
0.0
0.0
0.0
0.0
0.0
0.0
0.0
0.0
0.0
0.0
0.0
0.0
0.0
0.0
0.0
0.0
0.0
0.0
0.0
0.0
0.0
False 0.05 mc gini
0.0
100.0
0.0
0.0
0.0
100.0
0.0
0.0
0.0
100.0
0.0
0.0
0.0
100.0
0.0
0.0
0.0
100.0
0.0
0.0
0.0
100.0
0.0
0.0
0.0
0.0
0.0
0.0
0.0
0.0
0.0
0.0
0.0
0.0
0.0
0.0
0.0
0.0
0.0
0.0
0.0
0.0
0.0
0.0
0.0
0.0
0.0
0.0
False 0.05 mc gini
0.0
100.0
100.0
0.0
0.0
100.0
100.0
0.0
0.0
100.0
100.0
0.0
0.0
100.0
100.0
0.0
0.0
100.0
100.0
0.0
0.0
100.0
100.0
0.0
0.0
100.0
100.0
100.0
0.0
100.0
100.0
100.0
0.0
100.0
100.0
100.0
0.0
100.0
100.0
100.0
0.0
100.0
100.0
100.0
0.0
100.0
100.0
100.0
False 0.05 mc gini
0.0
100.0
100.0
0.0
0.0
100.0
100.0
0.0
0.0
100.0
100.0
0.0
0.0
100.0
100.0
0.0
0.0
100.0
100.0
0.0
0.0
100.0
100.0
0.0
0.0
100.0
100.0
100.0
0.0
100.0
100.0
100.0
0.0
100.0
100.0
100.0
0.0
100.0
100.0
100.0
0.0
100.0
100.0
100.0
0.0
100.0
100.0
100.0
False 0.05 mc gini
0.0
100.0
100.0
0.0
0.0
100.0
100.0
0.0
0.0
100.0
100.0
0.0
0.0
100.0
100.0
0.0
0.0
100.0
100.0
0.0
0.0
100.0
100.0
0.0
0.0
0.0
0.0
0.0
0.0
0.0
0.0
0.0
0.0
0.0
0.0
0.0
0.0
0.0
0.0
0.0
0.0
0.0
0.0
0.0
0.0
0.0
0.0
0.0
False 0.05 mc gini
0.0
100.0
100.0
0.0
0.0
100.0
100.0
0.0
0.0
100.0
100.0
0.0
0.0
100.0
100.0
0.0
0.0
100.0
100.0
0.0
0.0
100.0
100.0
0.0
0.0
100.0
0.0
0.0
0.0
100.0
0.0
0.0
0.0
100.0
0.0
0.0
0.0
100.0
0.0
0.0
0.0
100.0
0.0
0.0
0.0
100.0
0.0
0.0
False 0.05 mc gini
0.0
100.0
100.0
0.0
0.0
100.0
100.0
0.0
0.0
100.0
100.0
0.0
0.0
100.0
100.0
0.0
0.0
100.0
100.0
0.0
0.0
100.0
100.0
0.0
0.0
100.0
0.0
100.0
0.0
100.0
0.0
100.0
0.0
100.0
0.0
100.0
0.0
100.0
0.0
100.0
0.0
100.0
0.0
100.0
0.0
100.0
0.0
100.0
False 0.05 mc gini
0.0
100.0
100.0
0.0
0.0
100.0
100.0
0.0
0.0
100.0
100.0
0.0
0.0
100.0
100.0
0.0
0.0
100.0
100.0
0.0
0.0
100.0
100.0
0.0
0.0
100.0
100.0
0.0
0.0
100.0
100.0
0.0
0.0
100.0
100.0
0.0
0.0
100.0
100.0
0.0
0.0
100.0
100.0
0.0
0.0
100.0
100.0
0.0
False 0.05 mc gini
0.0
100.0
0.0
0.0
0.0
0.0
100.0
0.0
0.0
100.0
0.0
0.0
0.0
100.0
0.0
0.0
0.0
100.0
0.0
0.0
0.0
100.0
0.0
0.0
0.0
100.0
0.0
0.0
0.0
0.0
100.0
0.0
0.0
100.0
0.0
0.0
0.0
100.0
0.0
0.0
0.0
100.0
0.0
0.0
0.0
100.0
0.0
0.0
False 0.05 mc gini
0.0
1000.0
0.0
0.0
0.0
1.0
999.0
0.0
0.0
1000.0
0.0
0.0
0.0
1000.0
0.0
0.0
0.0
1000.0
0.0
0.0
0.0
1000.0
0.0
0.0
0.0
0.0
0.0
1000.0
0.0
0.0
0.0
1000.0
0.0
0.0
0.0
1000.0
0.0
0.0
0.0
1000.0
0.0
0.0
0.0
1000.0
0.0
0.0
0.0
1000.0
False 0.05 mc gini
0.0
200.0
0.0
0.0
0.0
0.0
200.0
0.0
0.0
200.0
0.0
0.0
0.0
200.0
0.0
0.0
0.0
200.0
0.0
0.0
0.0
200.0
0.0
0.0
0.0
0.0
0.0
0.0
0.0
0.0
200.0
0.0
0.0
0.0
0.0
186.0
0.0
0.0
0.0
200.0
0.0
0.0
0.0
10.0
0.0
0.0
0.0
10.0
False 0.05 mc gini
0.0
200.0
0.0
0.0
0.0
0.0
200.0
0.0
0.0
200.0
0.0
0.0
0.0
200.0
0.0
0.0
0.0
200.0
0.0
0.0
0.0
200.0
0.0
0.0
0.0
0.0
0.0
200.0
0.0
0.0
200.0
0.0
0.0
0.0
0.0
200.0
0.0
0.0
0.0
200.0
0.0
0.0
0.0
200.0
0.0
0.0
0.0
200.0
sqrt 100 nb gini
0.0
400.0
0.0
0.0
0.0
0.0
400.0
0.0
0.0
180.0
0.0
0.0
0.0
400.0
0.0
0.0
0.0
81.0
0.0
0.0
0.0
161.0
0.0
0.0
0.0
0.0
0.0
0.0
0.0
0.0
400.0
0.0
0.0
0.0
0.0
378.0
0.0
0.0
0.0
388.0
0.0
0.0
0.0
11.0
0.0
0.0
0.0
10.0
sqrt 100 nb info_gain
0.0
400.0
0.0
0.0
0.0
0.0
400.0
0.0
0.0
398.0
0.0
0.0
0.0
400.0
0.0
0.0
0.0
388.0
0.0
0.0
0.0
397.0
0.0
0.0
0.0
0.0
0.0
0.0
0.0
0.0
400.0
0.0
0.0
0.0
0.0
332.0
0.0
0.0
0.0
373.0
0.0
0.0
0.0
0.0
0.0
0.0
0.0
3.0
sqrt 100 mc gini
0.0
0.0
0.0
0.0
0.0
0.0
0.0
0.0
0.0
0.0
0.0
0.0
0.0
0.0
0.0
0.0
0.0
0.0
0.0
0.0
0.0
0.0
0.0
0.0
0.0
0.0
0.0
0.0
0.0
0.0
0.0
0.0
0.0
0.0
0.0
0.0
0.0
0.0
0.0
0.0
0.0
0.0
0.0
0.0
0.0
0.0
0.0
0.0
sqrt 100 mc info_gain
0.0
0.0
0.0
0.0
0.0
0.0
0.0
0.0
0.0
0.0
0.0
0.0
0.0
0.0
0.0
0.0
0.0
0.0
0.0
0.0
0.0
0.0
0.0
0.0
0.0
0.0
0.0
0.0
0.0
0.0
0.0
0.0
0.0
0.0
0.0
0.0
0.0
0.0
0.0
0.0
0.0
0.0
0.0
0.0
0.0
0.0
0.0
0.0
sqrt 100 nba gini
0.0
398.0
0.0
0.0
0.0
0.0
400.0
0.0
0.0
378.0
0.0
0.0
0.0
399.0
0.0
0.0
0.0
372.0
0.0
0.0
0.0
378.0
0.0
0.0
0.0
0.0
0.0
373.0
0.0
0.0
400.0
0.0
0.0
0.0
0.0
0.0
0.0
0.0
0.0
0.0
0.0
0.0
0.0
16.0
0.0
0.0
0.0
16.0
sqrt 100 nba info_gain
0.0
396.0
0.0
0.0
0.0
0.0
364.0
0.0
0.0
395.0
0.0
0.0
0.0
398.0
0.0
0.0
0.0
382.0
0.0
0.0
0.0
396.0
0.0
0.0
0.0
0.0
0.0
0.0
0.0
0.0
364.0
0.0
0.0
0.0
0.0
0.0
0.0
0.0
0.0
0.0
0.0
0.0
0.0
0.0
0.0
0.0
0.0
0.0
sqrt 100 nb gini 25 kappa
0.0
100.0
0.0
0.0
0.0
0.0
99.0
0.0
0.0
100.0
0.0
0.0
0.0
100.0
0.0
0.0
0.0
100.0
0.0
0.0
0.0
100.0
0.0
0.0
0.0
0.0
0.0
0.0
0.0
0.0
99.0
0.0
0.0
0.0
0.0
0.0
0.0
0.0
0.0
0.0
0.0
0.0
0.0
0.0
0.0
0.0
0.0
0.0
sqrt 100 nb gini
0.0
400.0
0.0
0.0
0.0
0.0
400.0
0.0
0.0
180.0
0.0
0.0
0.0
400.0
0.0
0.0
0.0
81.0
0.0
0.0
0.0
161.0
0.0
0.0
0.0
0.0
0.0
0.0
0.0
0.0
400.0
0.0
0.0
0.0
0.0
378.0
0.0
0.0
0.0
388.0
0.0
0.0
0.0
11.0
0.0
0.0
0.0
10.0
sqrt 100 nb info_gain
0.0
400.0
0.0
0.0
0.0
0.0
400.0
0.0
0.0
398.0
0.0
0.0
0.0
400.0
0.0
0.0
0.0
388.0
0.0
0.0
0.0
397.0
0.0
0.0
0.0
0.0
0.0
0.0
0.0
0.0
400.0
0.0
0.0
0.0
0.0
332.0
0.0
0.0
0.0
373.0
0.0
0.0
0.0
0.0
0.0
0.0
0.0
3.0
sqrt 100 mc gini
0.0
0.0
0.0
0.0
0.0
0.0
0.0
0.0
0.0
0.0
0.0
0.0
0.0
0.0
0.0
0.0
0.0
0.0
0.0
0.0
0.0
0.0
0.0
0.0
0.0
0.0
0.0
0.0
0.0
0.0
0.0
0.0
0.0
0.0
0.0
0.0
0.0
0.0
0.0
0.0
0.0
0.0
0.0
0.0
0.0
0.0
0.0
0.0
sqrt 100 mc info_gain
0.0
0.0
0.0
0.0
0.0
0.0
0.0
0.0
0.0
0.0
0.0
0.0
0.0
0.0
0.0
0.0
0.0
0.0
0.0
0.0
0.0
0.0
0.0
0.0
0.0
0.0
0.0
0.0
0.0
0.0
0.0
0.0
0.0
0.0
0.0
0.0
0.0
0.0
0.0
0.0
0.0
0.0
0.0
0.0
0.0
0.0
0.0
0.0
sqrt 100 nba gini
0.0
398.0
0.0
0.0
0.0
0.0
400.0
0.0
0.0
378.0
0.0
0.0
0.0
399.0
0.0
0.0
0.0
372.0
0.0
0.0
0.0
378.0
0.0
0.0
0.0
0.0
0.0
373.0
0.0
0.0
400.0
0.0
0.0
0.0
0.0
0.0
0.0
0.0
0.0
0.0
0.0
0.0
0.0
16.0
0.0
0.0
0.0
16.0
sqrt 100 nba info_gain
0.0
396.0
0.0
0.0
0.0
0.0
364.0
0.0
0.0
395.0
0.0
0.0
0.0
398.0
0.0
0.0
0.0
382.0
0.0
0.0
0.0
396.0
0.0
0.0
0.0
0.0
0.0
0.0
0.0
0.0
364.0
0.0
0.0
0.0
0.0
0.0
0.0
0.0
0.0
0.0
0.0
0.0
0.0
0.0
0.0
0.0
0.0
0.0
sqrt 1000 nb info_gain
0.0
398.0
0.0
0.0
0.0
0.0
400.0
0.0
0.0
375.0
0.0
0.0
0.0
380.0
0.0
0.0
0.0
361.0
0.0
0.0
0.0
373.0
0.0
0.0
0.0
0.0
0.0
0.0
0.0
0.0
380.0
0.0
0.0
0.0
0.0
282.0
0.0
0.0
0.0
329.0
0.0
0.0
0.0
0.0
0.0
0.0
0.0
0.0
sqrt 1000 mc gini
0.0
0.0
0.0
0.0
0.0
0.0
0.0
0.0
0.0
0.0
0.0
0.0
0.0
0.0
0.0
0.0
0.0
0.0
0.0
0.0
0.0
0.0
0.0
0.0
0.0
0.0
0.0
0.0
0.0
0.0
0.0
0.0
0.0
0.0
0.0
0.0
0.0
0.0
0.0
0.0
0.0
0.0
0.0
0.0
0.0
0.0
0.0
0.0
sqrt 1000 mc info_gain
0.0
0.0
0.0
0.0
0.0
0.0
0.0
0.0
0.0
0.0
0.0
0.0
0.0
0.0
0.0
0.0
0.0
0.0
0.0
0.0
0.0
0.0
0.0
0.0
0.0
0.0
0.0
0.0
0.0
0.0
0.0
0.0
0.0
0.0
0.0
0.0
0.0
0.0
0.0
0.0
0.0
0.0
0.0
0.0
0.0
0.0
0.0
0.0
sqrt 1000 nba gini
0.0
398.0
0.0
0.0
0.0
0.0
399.0
0.0
0.0
1.0
0.0
0.0
0.0
0.0
0.0
0.0
0.0
19.0
0.0
0.0
0.0
26.0
0.0
0.0
0.0
0.0
0.0
0.0
0.0
0.0
399.0
0.0
0.0
0.0
0.0
0.0
0.0
0.0
0.0
0.0
0.0
0.0
0.0
0.0
0.0
0.0
0.0
0.0
sqrt 1000 nba info_gain
0.0
391.0
0.0
0.0
0.0
0.0
351.0
0.0
0.0
45.0
0.0
0.0
0.0
376.0
0.0
0.0
0.0
353.0
0.0
0.0
0.0
361.0
0.0
0.0
0.0
0.0
0.0
0.0
0.0
0.0
351.0
0.0
0.0
0.0
0.0
0.0
0.0
0.0
0.0
0.0
0.0
0.0
0.0
0.0
0.0
0.0
0.0
0.0
sqrt 10 nb gini
0.0
400.0
0.0
0.0
0.0
0.0
400.0
0.0
0.0
385.0
0.0
0.0
0.0
400.0
0.0
0.0
0.0
384.0
0.0
0.0
0.0
385.0
0.0
0.0
0.0
0.0
0.0
400.0
0.0
0.0
400.0
0.0
0.0
0.0
0.0
385.0
0.0
0.0
0.0
400.0
0.0
0.0
0.0
384.0
0.0
0.0
0.0
385.0
sqrt 10 nb info_gain
0.0
400.0
0.0
0.0
0.0
0.0
400.0
0.0
0.0
400.0
0.0
0.0
0.0
400.0
0.0
0.0
0.0
400.0
0.0
0.0
0.0
400.0
0.0
0.0
0.0
0.0
0.0
0.0
0.0
0.0
400.0
0.0
0.0
0.0
0.0
399.0
0.0
0.0
0.0
400.0
0.0
0.0
0.0
40.0
0.0
0.0
0.0
43.0
sqrt 10 mc gini
0.0
0.0
0.0
0.0
0.0
0.0
0.0
0.0
0.0
0.0
0.0
0.0
0.0
0.0
0.0
0.0
0.0
0.0
0.0
0.0
0.0
0.0
0.0
0.0
0.0
0.0
0.0
0.0
0.0
0.0
0.0
0.0
0.0
0.0
0.0
0.0
0.0
0.0
0.0
0.0
0.0
0.0
0.0
0.0
0.0
0.0
0.0
0.0
sqrt 10 mc info_gain
0.0
0.0
0.0
0.0
0.0
0.0
0.0
0.0
0.0
0.0
0.0
0.0
0.0
0.0
0.0
0.0
0.0
0.0
0.0
0.0
0.0
0.0
0.0
0.0
0.0
0.0
0.0
0.0
0.0
0.0
0.0
0.0
0.0
0.0
0.0
0.0
0.0
0.0
0.0
0.0
0.0
0.0
0.0
0.0
0.0
0.0
0.0
0.0
sqrt 10 nba gini
0.0
400.0
0.0
0.0
0.0
0.0
400.0
0.0
0.0
326.0
0.0
0.0
0.0
0.0
0.0
0.0
0.0
389.0
0.0
0.0
0.0
390.0
0.0
0.0
0.0
0.0
0.0
379.0
0.0
0.0
400.0
0.0
0.0
0.0
0.0
375.0
0.0
0.0
0.0
379.0
0.0
0.0
0.0
378.0
0.0
0.0
0.0
374.0
sqrt 10 nba info_gain
0.0
400.0
0.0
0.0
0.0
0.0
379.0
0.0
0.0
400.0
0.0
0.0
0.0
400.0
0.0
0.0
0.0
399.0
0.0
0.0
0.0
400.0
0.0
0.0
0.0
0.0
0.0
0.0
0.0
0.0
379.0
0.0
0.0
0.0
0.0
398.0
0.0
0.0
0.0
400.0
0.0
0.0
0.0
36.0
0.0
0.0
0.0
41.0
0.5 100 nb gini
0.0
399.0
0.0
0.0
0.0
0.0
400.0
0.0
0.0
0.0
322.0
0.0
0.0
51.0
1.0
0.0
0.0
2.0
19.0
0.0
0.0
0.0
17.0
0.0
0.0
0.0
0.0
0.0
0.0
0.0
400.0
0.0
0.0
0.0
0.0
379.0
0.0
0.0
0.0
395.0
0.0
1.0
0.0
8.0
0.0
0.0
0.0
7.0
0.5 100 nb info_gain
0.0
400.0
0.0
0.0
0.0
0.0
400.0
0.0
0.0
0.0
0.0
0.0
0.0
53.0
0.0
0.0
0.0
0.0
0.0
0.0
0.0
0.0
0.0
0.0
0.0
0.0
0.0
0.0
0.0
0.0
400.0
0.0
0.0
0.0
0.0
381.0
0.0
0.0
0.0
20.0
0.0
0.0
0.0
26.0
0.0
0.0
0.0
30.0
0.5 100 mc gini
0.0
0.0
0.0
0.0
0.0
0.0
0.0
0.0
0.0
0.0
0.0
0.0
0.0
0.0
0.0
0.0
0.0
0.0
0.0
0.0
0.0
0.0
0.0
0.0
0.0
0.0
0.0
0.0
0.0
0.0
0.0
0.0
0.0
0.0
0.0
0.0
0.0
0.0
0.0
0.0
0.0
0.0
0.0
0.0
0.0
0.0
0.0
0.0
0.5 100 mc info_gain
0.0
0.0
0.0
0.0
0.0
0.0
0.0
0.0
0.0
0.0
0.0
0.0
0.0
0.0
0.0
0.0
0.0
0.0
0.0
0.0
0.0
0.0
0.0
0.0
0.0
0.0
0.0
0.0
0.0
0.0
0.0
0.0
0.0
0.0
0.0
0.0
0.0
0.0
0.0
0.0
0.0
0.0
0.0
0.0
0.0
0.0
0.0
0.0
0.5 100 nba gini
0.0
399.0
0.0
0.0
0.0
0.0
398.0
0.0
0.0
3.0
21.0
0.0
0.0
67.0
20.0
0.0
0.0
8.0
25.0
0.0
0.0
3.0
21.0
0.0
0.0
0.0
0.0
387.0
0.0
0.0
398.0
0.0
0.0
0.0
5.0
376.0
0.0
1.0
0.0
374.0
0.0
0.0
0.0
366.0
0.0
0.0
0.0
376.0
0.5 100 nba info_gain
0.0
398.0
0.0
0.0
0.0
0.0
351.0
0.0
0.0
0.0
0.0
0.0
0.0
109.0
0.0
0.0
0.0
0.0
0.0
0.0
0.0
0.0
0.0
0.0
0.0
0.0
0.0
0.0
0.0
0.0
351.0
0.0
0.0
0.0
0.0
0.0
0.0
0.0
0.0
0.0
0.0
0.0
0.0
0.0
0.0
0.0
0.0
0.0
0.5 1000 nb gini
0.0
399.0
0.0
0.0
0.0
0.0
400.0
0.0
0.0
0.0
353.0
0.0
0.0
0.0
277.0
0.0
0.0
0.0
355.0
0.0
0.0
0.0
340.0
0.0
0.0
0.0
0.0
0.0
0.0
0.0
400.0
0.0
0.0
0.0
0.0
354.0
0.0
0.0
0.0
377.0
0.0
0.0
0.0
0.0
0.0
0.0
0.0
0.0
sqrt 100 nb gini
0.0
400.0
0.0
0.0
0.0
0.0
400.0
0.0
0.0
180.0
0.0
0.0
0.0
400.0
0.0
0.0
0.0
81.0
0.0
0.0
0.0
161.0
0.0
0.0
0.0
0.0
0.0
0.0
0.0
0.0
400.0
0.0
0.0
0.0
0.0
378.0
0.0
0.0
0.0
388.0
0.0
0.0
0.0
11.0
0.0
0.0
0.0
10.0
sqrt 100 nb info_gain
0.0
400.0
0.0
0.0
0.0
0.0
400.0
0.0
0.0
398.0
0.0
0.0
0.0
400.0
0.0
0.0
0.0
388.0
0.0
0.0
0.0
397.0
0.0
0.0
0.0
0.0
0.0
0.0
0.0
0.0
400.0
0.0
0.0
0.0
0.0
332.0
0.0
0.0
0.0
373.0
0.0
0.0
0.0
0.0
0.0
0.0
0.0
3.0
sqrt 100 mc gini
0.0
0.0
0.0
0.0
0.0
0.0
0.0
0.0
0.0
0.0
0.0
0.0
0.0
0.0
0.0
0.0
0.0
0.0
0.0
0.0
0.0
0.0
0.0
0.0
0.0
0.0
0.0
0.0
0.0
0.0
0.0
0.0
0.0
0.0
0.0
0.0
0.0
0.0
0.0
0.0
0.0
0.0
0.0
0.0
0.0
0.0
0.0
0.0
sqrt 100 mc info_gain
0.0
0.0
0.0
0.0
0.0
0.0
0.0
0.0
0.0
0.0
0.0
0.0
0.0
0.0
0.0
0.0
0.0
0.0
0.0
0.0
0.0
0.0
0.0
0.0
0.0
0.0
0.0
0.0
0.0
0.0
0.0
0.0
0.0
0.0
0.0
0.0
0.0
0.0
0.0
0.0
0.0
0.0
0.0
0.0
0.0
0.0
0.0
0.0
sqrt 100 nba gini
0.0
398.0
0.0
0.0
0.0
0.0
400.0
0.0
0.0
378.0
0.0
0.0
0.0
399.0
0.0
0.0
0.0
372.0
0.0
0.0
0.0
378.0
0.0
0.0
0.0
0.0
0.0
373.0
0.0
0.0
400.0
0.0
0.0
0.0
0.0
0.0
0.0
0.0
0.0
0.0
0.0
0.0
0.0
16.0
0.0
0.0
0.0
16.0
sqrt 100 nba info_gain
0.0
396.0
0.0
0.0
0.0
0.0
364.0
0.0
0.0
395.0
0.0
0.0
0.0
398.0
0.0
0.0
0.0
382.0
0.0
0.0
0.0
396.0
0.0
0.0
0.0
0.0
0.0
0.0
0.0
0.0
364.0
0.0
0.0
0.0
0.0
0.0
0.0
0.0
0.0
0.0
0.0
0.0
0.0
0.0
0.0
0.0
0.0
0.0
sqrt 1000 nb info_gain
0.0
398.0
0.0
0.0
0.0
0.0
400.0
0.0
0.0
375.0
0.0
0.0
0.0
380.0
0.0
0.0
0.0
361.0
0.0
0.0
0.0
373.0
0.0
0.0
0.0
0.0
0.0
0.0
0.0
0.0
380.0
0.0
0.0
0.0
0.0
282.0
0.0
0.0
0.0
329.0
0.0
0.0
0.0
0.0
0.0
0.0
0.0
0.0
sqrt 1000 mc gini
0.0
0.0
0.0
0.0
0.0
0.0
0.0
0.0
0.0
0.0
0.0
0.0
0.0
0.0
0.0
0.0
0.0
0.0
0.0
0.0
0.0
0.0
0.0
0.0
0.0
0.0
0.0
0.0
0.0
0.0
0.0
0.0
0.0
0.0
0.0
0.0
0.0
0.0
0.0
0.0
0.0
0.0
0.0
0.0
0.0
0.0
0.0
0.0
sqrt 1000 mc info_gain
0.0
0.0
0.0
0.0
0.0
0.0
0.0
0.0
0.0
0.0
0.0
0.0
0.0
0.0
0.0
0.0
0.0
0.0
0.0
0.0
0.0
0.0
0.0
0.0
0.0
0.0
0.0
0.0
0.0
0.0
0.0
0.0
0.0
0.0
0.0
0.0
0.0
0.0
0.0
0.0
0.0
0.0
0.0
0.0
0.0
0.0
0.0
0.0
sqrt 1000 nba gini
0.0
398.0
0.0
0.0
0.0
0.0
399.0
0.0
0.0
1.0
0.0
0.0
0.0
0.0
0.0
0.0
0.0
19.0
0.0
0.0
0.0
26.0
0.0
0.0
0.0
0.0
0.0
0.0
0.0
0.0
399.0
0.0
0.0
0.0
0.0
0.0
0.0
0.0
0.0
0.0
0.0
0.0
0.0
0.0
0.0
0.0
0.0
0.0
sqrt 1000 nba info_gain
0.0
391.0
0.0
0.0
0.0
0.0
351.0
0.0
0.0
45.0
0.0
0.0
0.0
376.0
0.0
0.0
0.0
353.0
0.0
0.0
0.0
361.0
0.0
0.0
0.0
0.0
0.0
0.0
0.0
0.0
351.0
0.0
0.0
0.0
0.0
0.0
0.0
0.0
0.0
0.0
0.0
0.0
0.0
0.0
0.0
0.0
0.0
0.0
sqrt 10 nb gini
0.0
400.0
0.0
0.0
0.0
0.0
400.0
0.0
0.0
385.0
0.0
0.0
0.0
400.0
0.0
0.0
0.0
384.0
0.0
0.0
0.0
385.0
0.0
0.0
0.0
0.0
0.0
400.0
0.0
0.0
400.0
0.0
0.0
0.0
0.0
385.0
0.0
0.0
0.0
400.0
0.0
0.0
0.0
384.0
0.0
0.0
0.0
385.0
sqrt 10 nb info_gain
0.0
400.0
0.0
0.0
0.0
0.0
400.0
0.0
0.0
400.0
0.0
0.0
0.0
400.0
0.0
0.0
0.0
400.0
0.0
0.0
0.0
400.0
0.0
0.0
0.0
0.0
0.0
0.0
0.0
0.0
400.0
0.0
0.0
0.0
0.0
399.0
0.0
0.0
0.0
400.0
0.0
0.0
0.0
40.0
0.0
0.0
0.0
43.0
sqrt 10 mc gini
0.0
0.0
0.0
0.0
0.0
0.0
0.0
0.0
0.0
0.0
0.0
0.0
0.0
0.0
0.0
0.0
0.0
0.0
0.0
0.0
0.0
0.0
0.0
0.0
0.0
0.0
0.0
0.0
0.0
0.0
0.0
0.0
0.0
0.0
0.0
0.0
0.0
0.0
0.0
0.0
0.0
0.0
0.0
0.0
0.0
0.0
0.0
0.0
sqrt 10 mc info_gain
0.0
0.0
0.0
0.0
0.0
0.0
0.0
0.0
0.0
0.0
0.0
0.0
0.0
0.0
0.0
0.0
0.0
0.0
0.0
0.0
0.0
0.0
0.0
0.0
0.0
0.0
0.0
0.0
0.0
0.0
0.0
0.0
0.0
0.0
0.0
0.0
0.0
0.0
0.0
0.0
0.0
0.0
0.0
0.0
0.0
0.0
0.0
0.0
sqrt 10 nba gini
0.0
400.0
0.0
0.0
0.0
0.0
400.0
0.0
0.0
326.0
0.0
0.0
0.0
0.0
0.0
0.0
0.0
389.0
0.0
0.0
0.0
390.0
0.0
0.0
0.0
0.0
0.0
379.0
0.0
0.0
400.0
0.0
0.0
0.0
0.0
375.0
0.0
0.0
0.0
379.0
0.0
0.0
0.0
378.0
0.0
0.0
0.0
374.0
sqrt 10 nba info_gain
0.0
400.0
0.0
0.0
0.0
0.0
379.0
0.0
0.0
400.0
0.0
0.0
0.0
400.0
0.0
0.0
0.0
399.0
0.0
0.0
0.0
400.0
0.0
0.0
0.0
0.0
0.0
0.0
0.0
0.0
379.0
0.0
0.0
0.0
0.0
398.0
0.0
0.0
0.0
400.0
0.0
0.0
0.0
36.0
0.0
0.0
0.0
41.0
0.5 100 nb gini
0.0
399.0
0.0
0.0
0.0
0.0
400.0
0.0
0.0
0.0
322.0
0.0
0.0
51.0
1.0
0.0
0.0
2.0
19.0
0.0
0.0
0.0
17.0
0.0
0.0
0.0
0.0
0.0
0.0
0.0
400.0
0.0
0.0
0.0
0.0
379.0
0.0
0.0
0.0
395.0
0.0
1.0
0.0
8.0
0.0
0.0
0.0
7.0
0.5 100 nb info_gain
0.0
400.0
0.0
0.0
0.0
0.0
400.0
0.0
0.0
0.0
0.0
0.0
0.0
53.0
0.0
0.0
0.0
0.0
0.0
0.0
0.0
0.0
0.0
0.0
0.0
0.0
0.0
0.0
0.0
0.0
400.0
0.0
0.0
0.0
0.0
381.0
0.0
0.0
0.0
20.0
0.0
0.0
0.0
26.0
0.0
0.0
0.0
30.0
0.5 100 mc gini
0.0
0.0
0.0
0.0
0.0
0.0
0.0
0.0
0.0
0.0
0.0
0.0
0.0
0.0
0.0
0.0
0.0
0.0
0.0
0.0
0.0
0.0
0.0
0.0
0.0
0.0
0.0
0.0
0.0
0.0
0.0
0.0
0.0
0.0
0.0
0.0
0.0
0.0
0.0
0.0
0.0
0.0
0.0
0.0
0.0
0.0
0.0
0.0
0.5 100 mc info_gain
0.0
0.0
0.0
0.0
0.0
0.0
0.0
0.0
0.0
0.0
0.0
0.0
0.0
0.0
0.0
0.0
0.0
0.0
0.0
0.0
0.0
0.0
0.0
0.0
0.0
0.0
0.0
0.0
0.0
0.0
0.0
0.0
0.0
0.0
0.0
0.0
0.0
0.0
0.0
0.0
0.0
0.0
0.0
0.0
0.0
0.0
0.0
0.0
0.5 100 nba gini
0.0
399.0
0.0
0.0
0.0
0.0
398.0
0.0
0.0
3.0
21.0
0.0
0.0
67.0
20.0
0.0
0.0
8.0
25.0
0.0
0.0
3.0
21.0
0.0
0.0
0.0
0.0
387.0
0.0
0.0
398.0
0.0
0.0
0.0
5.0
376.0
0.0
1.0
0.0
374.0
0.0
0.0
0.0
366.0
0.0
0.0
0.0
376.0
0.5 100 nba info_gain
0.0
398.0
0.0
0.0
0.0
0.0
351.0
0.0
0.0
0.0
0.0
0.0
0.0
109.0
0.0
0.0
0.0
0.0
0.0
0.0
0.0
0.0
0.0
0.0
0.0
0.0
0.0
0.0
0.0
0.0
351.0
0.0
0.0
0.0
0.0
0.0
0.0
0.0
0.0
0.0
0.0
0.0
0.0
0.0
0.0
0.0
0.0
0.0
0.5 1000 nb gini
0.0
399.0
0.0
0.0
0.0
0.0
400.0
0.0
0.0
0.0
353.0
0.0
0.0
0.0
277.0
0.0
0.0
0.0
355.0
0.0
0.0
0.0
340.0
0.0
0.0
0.0
0.0
0.0
0.0
0.0
400.0
0.0
0.0
0.0
0.0
354.0
0.0
0.0
0.0
377.0
0.0
0.0
0.0
0.0
0.0
0.0
0.0
0.0
0.5 100 nb gini
0.0
399.0
0.0
0.0
0.0
0.0
400.0
0.0
0.0
0.0
20.0
0.0
0.0
60.0
1.0
0.0
0.0
3.0
23.0
0.0
0.0
1.0
20.0
0.0
0.0
0.0
0.0
373.0
0.0
0.0
400.0
0.0
0.0
0.0
1.0
388.0
0.0
0.0
0.0
394.0
0.0
0.0
0.0
382.0
0.0
0.0
0.0
387.0
0.5 100 nb info_gain
0.0
400.0
0.0
0.0
0.0
0.0
400.0
0.0
0.0
0.0
0.0
0.0
0.0
60.0
0.0
0.0
0.0
0.0
0.0
0.0
0.0
0.0
0.0
0.0
0.0
0.0
0.0
0.0
0.0
0.0
400.0
0.0
0.0
0.0
0.0
382.0
0.0
0.0
0.0
84.0
0.0
0.0
0.0
0.0
0.0
0.0
0.0
0.0
0.5 100 mc gini
0.0
0.0
0.0
0.0
0.0
0.0
0.0
0.0
0.0
0.0
0.0
0.0
0.0
0.0
0.0
0.0
0.0
0.0
0.0
0.0
0.0
0.0
0.0
0.0
0.0
0.0
0.0
0.0
0.0
0.0
0.0
0.0
0.0
0.0
0.0
0.0
0.0
0.0
0.0
0.0
0.0
0.0
0.0
0.0
0.0
0.0
0.0
0.0
0.5 100 mc info_gain
0.0
0.0
0.0
0.0
0.0
0.0
0.0
0.0
0.0
0.0
0.0
0.0
0.0
0.0
0.0
0.0
0.0
0.0
0.0
0.0
0.0
0.0
0.0
0.0
0.0
0.0
0.0
0.0
0.0
0.0
0.0
0.0
0.0
0.0
0.0
0.0
0.0
0.0
0.0
0.0
0.0
0.0
0.0
0.0
0.0
0.0
0.0
0.0
0.5 100 nba gini
0.0
400.0
0.0
0.0
0.0
0.0
400.0
0.0
0.0
0.0
15.0
0.0
0.0
0.0
0.0
0.0
0.0
1.0
15.0
0.0
0.0
0.0
15.0
0.0
0.0
0.0
0.0
395.0
0.0
0.0
400.0
0.0
0.0
0.0
0.0
386.0
0.0
0.0
0.0
395.0
0.0
0.0
0.0
383.0
0.0
0.0
0.0
385.0
0.5 100 nba info_gain
0.0
400.0
0.0
0.0
0.0
0.0
394.0
0.0
0.0
0.0
0.0
0.0
0.0
18.0
0.0
0.0
0.0
1.0
0.0
0.0
0.0
0.0
0.0
0.0
0.0
0.0
0.0
0.0
0.0
0.0
394.0
0.0
0.0
0.0
0.0
0.0
0.0
0.0
0.0
0.0
0.0
0.0
0.0
0.0
0.0
0.0
0.0
0.0
0.5 1000 nb gini
0.0
396.0
0.0
0.0
0.0
0.0
400.0
0.0
0.0
0.0
397.0
0.0
0.0
69.0
24.0
0.0
0.0
0.0
376.0
0.0
0.0
0.0
375.0
0.0
0.0
0.0
0.0
0.0
0.0
0.0
399.0
0.0
0.0
0.0
0.0
357.0
0.0
0.0
0.0
375.0
0.0
0.0
0.0
4.0
0.0
0.0
0.0
3.0
sqrt 100 nb gini
0.0
400.0
0.0
0.0
0.0
0.0
400.0
0.0
0.0
180.0
0.0
0.0
0.0
400.0
0.0
0.0
0.0
81.0
0.0
0.0
0.0
161.0
0.0
0.0
0.0
0.0
0.0
0.0
0.0
0.0
400.0
0.0
0.0
0.0
0.0
378.0
0.0
0.0
0.0
388.0
0.0
0.0
0.0
11.0
0.0
0.0
0.0
10.0
sqrt 100 nb info_gain
0.0
400.0
0.0
0.0
0.0
0.0
400.0
0.0
0.0
398.0
0.0
0.0
0.0
400.0
0.0
0.0
0.0
388.0
0.0
0.0
0.0
397.0
0.0
0.0
0.0
0.0
0.0
0.0
0.0
0.0
400.0
0.0
0.0
0.0
0.0
332.0
0.0
0.0
0.0
373.0
0.0
0.0
0.0
0.0
0.0
0.0
0.0
3.0
sqrt 100 mc gini
0.0
0.0
0.0
0.0
0.0
0.0
0.0
0.0
0.0
0.0
0.0
0.0
0.0
0.0
0.0
0.0
0.0
0.0
0.0
0.0
0.0
0.0
0.0
0.0
0.0
0.0
0.0
0.0
0.0
0.0
0.0
0.0
0.0
0.0
0.0
0.0
0.0
0.0
0.0
0.0
0.0
0.0
0.0
0.0
0.0
0.0
0.0
0.0
sqrt 100 mc info_gain
0.0
0.0
0.0
0.0
0.0
0.0
0.0
0.0
0.0
0.0
0.0
0.0
0.0
0.0
0.0
0.0
0.0
0.0
0.0
0.0
0.0
0.0
0.0
0.0
0.0
0.0
0.0
0.0
0.0
0.0
0.0
0.0
0.0
0.0
0.0
0.0
0.0
0.0
0.0
0.0
0.0
0.0
0.0
0.0
0.0
0.0
0.0
0.0
sqrt 100 nba gini
0.0
398.0
0.0
0.0
0.0
0.0
400.0
0.0
0.0
378.0
0.0
0.0
0.0
399.0
0.0
0.0
0.0
372.0
0.0
0.0
0.0
378.0
0.0
0.0
0.0
0.0
0.0
373.0
0.0
0.0
400.0
0.0
0.0
0.0
0.0
0.0
0.0
0.0
0.0
0.0
0.0
0.0
0.0
16.0
0.0
0.0
0.0
16.0
sqrt 100 nba info_gain
0.0
396.0
0.0
0.0
0.0
0.0
364.0
0.0
0.0
395.0
0.0
0.0
0.0
398.0
0.0
0.0
0.0
382.0
0.0
0.0
0.0
396.0
0.0
0.0
0.0
0.0
0.0
0.0
0.0
0.0
364.0
0.0
0.0
0.0
0.0
0.0
0.0
0.0
0.0
0.0
0.0
0.0
0.0
0.0
0.0
0.0
0.0
0.0
sqrt 1000 nb info_gain
0.0
398.0
0.0
0.0
0.0
0.0
400.0
0.0
0.0
375.0
0.0
0.0
0.0
380.0
0.0
0.0
0.0
361.0
0.0
0.0
0.0
373.0
0.0
0.0
0.0
0.0
0.0
0.0
0.0
0.0
380.0
0.0
0.0
0.0
0.0
282.0
0.0
0.0
0.0
329.0
0.0
0.0
0.0
0.0
0.0
0.0
0.0
0.0
sqrt 1000 mc gini
0.0
0.0
0.0
0.0
0.0
0.0
0.0
0.0
0.0
0.0
0.0
0.0
0.0
0.0
0.0
0.0
0.0
0.0
0.0
0.0
0.0
0.0
0.0
0.0
0.0
0.0
0.0
0.0
0.0
0.0
0.0
0.0
0.0
0.0
0.0
0.0
0.0
0.0
0.0
0.0
0.0
0.0
0.0
0.0
0.0
0.0
0.0
0.0
sqrt 1000 mc info_gain
0.0
0.0
0.0
0.0
0.0
0.0
0.0
0.0
0.0
0.0
0.0
0.0
0.0
0.0
0.0
0.0
0.0
0.0
0.0
0.0
0.0
0.0
0.0
0.0
0.0
0.0
0.0
0.0
0.0
0.0
0.0
0.0
0.0
0.0
0.0
0.0
0.0
0.0
0.0
0.0
0.0
0.0
0.0
0.0
0.0
0.0
0.0
0.0
sqrt 1000 nba gini
0.0
398.0
0.0
0.0
0.0
0.0
399.0
0.0
0.0
1.0
0.0
0.0
0.0
0.0
0.0
0.0
0.0
19.0
0.0
0.0
0.0
26.0
0.0
0.0
0.0
0.0
0.0
0.0
0.0
0.0
399.0
0.0
0.0
0.0
0.0
0.0
0.0
0.0
0.0
0.0
0.0
0.0
0.0
0.0
0.0
0.0
0.0
0.0
sqrt 1000 nba info_gain
0.0
391.0
0.0
0.0
0.0
0.0
351.0
0.0
0.0
45.0
0.0
0.0
0.0
376.0
0.0
0.0
0.0
353.0
0.0
0.0
0.0
361.0
0.0
0.0
0.0
0.0
0.0
0.0
0.0
0.0
351.0
0.0
0.0
0.0
0.0
0.0
0.0
0.0
0.0
0.0
0.0
0.0
0.0
0.0
0.0
0.0
0.0
0.0
sqrt 10 nb gini
0.0
400.0
0.0
0.0
0.0
0.0
400.0
0.0
0.0
385.0
0.0
0.0
0.0
400.0
0.0
0.0
0.0
384.0
0.0
0.0
0.0
385.0
0.0
0.0
0.0
0.0
0.0
400.0
0.0
0.0
400.0
0.0
0.0
0.0
0.0
385.0
0.0
0.0
0.0
400.0
0.0
0.0
0.0
384.0
0.0
0.0
0.0
385.0
sqrt 10 nb info_gain
0.0
400.0
0.0
0.0
0.0
0.0
400.0
0.0
0.0
400.0
0.0
0.0
0.0
400.0
0.0
0.0
0.0
400.0
0.0
0.0
0.0
400.0
0.0
0.0
0.0
0.0
0.0
0.0
0.0
0.0
400.0
0.0
0.0
0.0
0.0
399.0
0.0
0.0
0.0
400.0
0.0
0.0
0.0
40.0
0.0
0.0
0.0
43.0
sqrt 10 mc gini
0.0
0.0
0.0
0.0
0.0
0.0
0.0
0.0
0.0
0.0
0.0
0.0
0.0
0.0
0.0
0.0
0.0
0.0
0.0
0.0
0.0
0.0
0.0
0.0
0.0
0.0
0.0
0.0
0.0
0.0
0.0
0.0
0.0
0.0
0.0
0.0
0.0
0.0
0.0
0.0
0.0
0.0
0.0
0.0
0.0
0.0
0.0
0.0
sqrt 10 mc info_gain
0.0
0.0
0.0
0.0
0.0
0.0
0.0
0.0
0.0
0.0
0.0
0.0
0.0
0.0
0.0
0.0
0.0
0.0
0.0
0.0
0.0
0.0
0.0
0.0
0.0
0.0
0.0
0.0
0.0
0.0
0.0
0.0
0.0
0.0
0.0
0.0
0.0
0.0
0.0
0.0
0.0
0.0
0.0
0.0
0.0
0.0
0.0
0.0
sqrt 10 nba gini
0.0
400.0
0.0
0.0
0.0
0.0
400.0
0.0
0.0
326.0
0.0
0.0
0.0
0.0
0.0
0.0
0.0
389.0
0.0
0.0
0.0
390.0
0.0
0.0
0.0
0.0
0.0
379.0
0.0
0.0
400.0
0.0
0.0
0.0
0.0
375.0
0.0
0.0
0.0
379.0
0.0
0.0
0.0
378.0
0.0
0.0
0.0
374.0
sqrt 10 nba info_gain
0.0
400.0
0.0
0.0
0.0
0.0
379.0
0.0
0.0
400.0
0.0
0.0
0.0
400.0
0.0
0.0
0.0
399.0
0.0
0.0
0.0
400.0
0.0
0.0
0.0
0.0
0.0
0.0
0.0
0.0
379.0
0.0
0.0
0.0
0.0
398.0
0.0
0.0
0.0
400.0
0.0
0.0
0.0
36.0
0.0
0.0
0.0
41.0
0.5 100 nb gini
0.0
399.0
0.0
0.0
0.0
0.0
400.0
0.0
0.0
0.0
322.0
0.0
0.0
51.0
1.0
0.0
0.0
2.0
19.0
0.0
0.0
0.0
17.0
0.0
0.0
0.0
0.0
0.0
0.0
0.0
400.0
0.0
0.0
0.0
0.0
379.0
0.0
0.0
0.0
395.0
0.0
1.0
0.0
8.0
0.0
0.0
0.0
7.0
0.5 100 nb info_gain
0.0
400.0
0.0
0.0
0.0
0.0
400.0
0.0
0.0
0.0
0.0
0.0
0.0
53.0
0.0
0.0
0.0
0.0
0.0
0.0
0.0
0.0
0.0
0.0
0.0
0.0
0.0
0.0
0.0
0.0
400.0
0.0
0.0
0.0
0.0
381.0
0.0
0.0
0.0
20.0
0.0
0.0
0.0
26.0
0.0
0.0
0.0
30.0
0.5 100 mc gini
0.0
0.0
0.0
0.0
0.0
0.0
0.0
0.0
0.0
0.0
0.0
0.0
0.0
0.0
0.0
0.0
0.0
0.0
0.0
0.0
0.0
0.0
0.0
0.0
0.0
0.0
0.0
0.0
0.0
0.0
0.0
0.0
0.0
0.0
0.0
0.0
0.0
0.0
0.0
0.0
0.0
0.0
0.0
0.0
0.0
0.0
0.0
0.0
0.5 100 mc info_gain
0.0
0.0
0.0
0.0
0.0
0.0
0.0
0.0
0.0
0.0
0.0
0.0
0.0
0.0
0.0
0.0
0.0
0.0
0.0
0.0
0.0
0.0
0.0
0.0
0.0
0.0
0.0
0.0
0.0
0.0
0.0
0.0
0.0
0.0
0.0
0.0
0.0
0.0
0.0
0.0
0.0
0.0
0.0
0.0
0.0
0.0
0.0
0.0
0.5 100 nba gini
0.0
399.0
0.0
0.0
0.0
0.0
398.0
0.0
0.0
3.0
21.0
0.0
0.0
67.0
20.0
0.0
0.0
8.0
25.0
0.0
0.0
3.0
21.0
0.0
0.0
0.0
0.0
387.0
0.0
0.0
398.0
0.0
0.0
0.0
5.0
376.0
0.0
1.0
0.0
374.0
0.0
0.0
0.0
366.0
0.0
0.0
0.0
376.0
0.5 100 nba info_gain
0.0
398.0
0.0
0.0
0.0
0.0
351.0
0.0
0.0
0.0
0.0
0.0
0.0
109.0
0.0
0.0
0.0
0.0
0.0
0.0
0.0
0.0
0.0
0.0
0.0
0.0
0.0
0.0
0.0
0.0
351.0
0.0
0.0
0.0
0.0
0.0
0.0
0.0
0.0
0.0
0.0
0.0
0.0
0.0
0.0
0.0
0.0
0.0
0.5 1000 nb gini
0.0
399.0
0.0
0.0
0.0
0.0
400.0
0.0
0.0
0.0
353.0
0.0
0.0
0.0
277.0
0.0
0.0
0.0
355.0
0.0
0.0
0.0
340.0
0.0
0.0
0.0
0.0
0.0
0.0
0.0
400.0
0.0
0.0
0.0
0.0
354.0
0.0
0.0
0.0
377.0
0.0
0.0
0.0
0.0
0.0
0.0
0.0
0.0
0.5 100 nb gini
0.0
399.0
0.0
0.0
0.0
0.0
400.0
0.0
0.0
0.0
20.0
0.0
0.0
60.0
1.0
0.0
0.0
3.0
23.0
0.0
0.0
1.0
20.0
0.0
0.0
0.0
0.0
373.0
0.0
0.0
400.0
0.0
0.0
0.0
1.0
388.0
0.0
0.0
0.0
394.0
0.0
0.0
0.0
382.0
0.0
0.0
0.0
387.0
0.5 100 nb info_gain
0.0
400.0
0.0
0.0
0.0
0.0
400.0
0.0
0.0
0.0
0.0
0.0
0.0
60.0
0.0
0.0
0.0
0.0
0.0
0.0
0.0
0.0
0.0
0.0
0.0
0.0
0.0
0.0
0.0
0.0
400.0
0.0
0.0
0.0
0.0
382.0
0.0
0.0
0.0
84.0
0.0
0.0
0.0
0.0
0.0
0.0
0.0
0.0
0.5 100 mc gini
0.0
0.0
0.0
0.0
0.0
0.0
0.0
0.0
0.0
0.0
0.0
0.0
0.0
0.0
0.0
0.0
0.0
0.0
0.0
0.0
0.0
0.0
0.0
0.0
0.0
0.0
0.0
0.0
0.0
0.0
0.0
0.0
0.0
0.0
0.0
0.0
0.0
0.0
0.0
0.0
0.0
0.0
0.0
0.0
0.0
0.0
0.0
0.0
0.5 100 mc info_gain
0.0
0.0
0.0
0.0
0.0
0.0
0.0
0.0
0.0
0.0
0.0
0.0
0.0
0.0
0.0
0.0
0.0
0.0
0.0
0.0
0.0
0.0
0.0
0.0
0.0
0.0
0.0
0.0
0.0
0.0
0.0
0.0
0.0
0.0
0.0
0.0
0.0
0.0
0.0
0.0
0.0
0.0
0.0
0.0
0.0
0.0
0.0
0.0
0.5 100 nba gini
0.0
400.0
0.0
0.0
0.0
0.0
400.0
0.0
0.0
0.0
15.0
0.0
0.0
0.0
0.0
0.0
0.0
1.0
15.0
0.0
0.0
0.0
15.0
0.0
0.0
0.0
0.0
395.0
0.0
0.0
400.0
0.0
0.0
0.0
0.0
386.0
0.0
0.0
0.0
395.0
0.0
0.0
0.0
383.0
0.0
0.0
0.0
385.0
0.5 100 nba info_gain
0.0
400.0
0.0
0.0
0.0
0.0
394.0
0.0
0.0
0.0
0.0
0.0
0.0
18.0
0.0
0.0
0.0
1.0
0.0
0.0
0.0
0.0
0.0
0.0
0.0
0.0
0.0
0.0
0.0
0.0
394.0
0.0
0.0
0.0
0.0
0.0
0.0
0.0
0.0
0.0
0.0
0.0
0.0
0.0
0.0
0.0
0.0
0.0
0.5 1000 nb gini
0.0
396.0
0.0
0.0
0.0
0.0
400.0
0.0
0.0
0.0
397.0
0.0
0.0
69.0
24.0
0.0
0.0
0.0
376.0
0.0
0.0
0.0
375.0
0.0
0.0
0.0
0.0
0.0
0.0
0.0
399.0
0.0
0.0
0.0
0.0
357.0
0.0
0.0
0.0
375.0
0.0
0.0
0.0
4.0
0.0
0.0
0.0
3.0
0.5 1000 nb info_gain
0.0
398.0
0.0
0.0
0.0
0.0
398.0
0.0
0.0
0.0
0.0
0.0
0.0
97.0
0.0
0.0
0.0
1.0
0.0
0.0
0.0
0.0
0.0
0.0
