log2 100 nb gini 50 acc
0.0
800.0
5.0
0.0
0.0
0.0
1.0
800.0
0.0
0.0
0.0
800.0
7.0
0.0
0.0
0.0
800.0
8.0
0.0
0.0
0.0
800.0
6.0
0.0
0.0
0.0
800.0
7.0
0.0
0.0
0.0
20.0
3.0
800.0
0.0
0.0
0.0
799.0
800.0
0.0
0.0
0.0
0.0
800.0
0.0
0.0
5.0
0.0
800.0
0.0
0.0
0.0
1.0
800.0
0.0
0.0
0.0
0.0
800.0
0.0
0.0
35.0
3.0
795.0
800.0
0.0
0.0
799.0
785.0
1.0
0.0
0.0
1.0
799.0
781.0
0.0
0.0
0.0
2.0
800.0
0.0
5.0
1.0
799.0
781.0
0.0
7.0
0.0
799.0
783.0
log2 100 nb gini 50 acc
0.0
800.0
0.0
0.0
0.0
0.0
1.0
799.0
0.0
0.0
0.0
799.0
1.0
0.0
0.0
0.0
800.0
0.0
0.0
0.0
0.0
799.0
1.0
0.0
0.0
0.0
799.0
1.0
0.0
0.0
0.0
0.0
0.0
800.0
0.0
0.0
0.0
794.0
6.0
0.0
0.0
0.0
0.0
800.0
0.0
0.0
0.0
0.0
800.0
0.0
0.0
0.0
0.0
800.0
0.0
0.0
0.0
0.0
800.0
0.0
0.0
0.0
0.0
451.0
327.0
0.0
0.0
794.0
0.0
1.0
0.0
0.0
0.0
768.0
27.0
0.0
0.0
0.0
0.0
800.0
0.0
0.0
0.0
766.0
20.0
0.0
0.0
0.0
736.0
29.0
log2 100 nb gini 50 acc
0.0
786.0
0.0
0.0
0.0
0.0
0.0
794.0
0.0
0.0
0.0
202.0
0.0
0.0
0.0
0.0
25.0
0.0
0.0
0.0
0.0
699.0
0.0
0.0
0.0
0.0
736.0
0.0
0.0
0.0
0.0
0.0
0.0
59.0
0.0
0.0
0.0
0.0
0.0
0.0
0.0
0.0
0.0
740.0
0.0
0.0
0.0
0.0
4.0
0.0
0.0
0.0
0.0
143.0
0.0
0.0
0.0
0.0
157.0
0.0
0.0
0.0
0.0
0.0
0.0
0.0
0.0
0.0
0.0
0.0
0.0
0.0
0.0
0.0
0.0
0.0
0.0
0.0
0.0
598.0
0.0
0.0
0.0
0.0
0.0
0.0
0.0
0.0
0.0
0.0
log2 100 nb gini 50 acc
0.0
0.0
0.0
0.0
0.0
0.0
0.0
0.0
0.0
0.0
0.0
0.0
0.0
0.0
0.0
0.0
0.0
0.0
0.0
0.0
0.0
0.0
0.0
0.0
0.0
0.0
0.0
0.0
0.0
0.0
0.0
0.0
0.0
0.0
0.0
0.0
0.0
0.0
0.0
0.0
0.0
0.0
0.0
0.0
0.0
0.0
0.0
0.0
0.0
0.0
0.0
0.0
0.0
0.0
0.0
0.0
0.0
0.0
0.0
0.0
0.0
0.0
0.0
0.0
0.0
0.0
0.0
0.0
0.0
0.0
0.0
0.0
0.0
0.0
0.0
0.0
0.0
0.0
0.0
0.0
0.0
0.0
0.0
0.0
0.0
0.0
0.0
0.0
0.0
0.0
log2 100 nb gini 50 kappa
0.0
800.0
5.0
0.0
0.0
0.0
1.0
800.0
0.0
0.0
0.0
800.0
9.0
0.0
0.0
0.0
800.0
8.0
0.0
0.0
0.0
800.0
9.0
0.0
0.0
0.0
800.0
9.0
0.0
0.0
0.0
15.0
3.0
800.0
0.0
0.0
0.0
799.0
800.0
0.0
0.0
0.0
0.0
800.0
0.0
0.0
4.0
0.0
800.0
0.0
0.0
0.0
0.0
800.0
0.0
0.0
0.0
0.0
800.0
0.0
0.0
11.0
3.0
795.0
800.0
0.0
0.0
799.0
799.0
1.0
0.0
1.0
1.0
799.0
789.0
0.0
0.0
0.0
2.0
800.0
0.0
7.0
1.0
799.0
791.0
0.0
10.0
1.0
799.0
788.0
log2 100 nb gini 50 kappa
0.0
800.0
0.0
0.0
0.0
0.0
1.0
799.0
0.0
0.0
0.0
799.0
1.0
0.0
0.0
0.0
800.0
0.0
0.0
0.0
0.0
799.0
1.0
0.0
0.0
0.0
799.0
1.0
0.0
0.0
0.0
0.0
0.0
800.0
0.0
0.0
0.0
794.0
6.0
0.0
0.0
0.0
0.0
800.0
0.0
0.0
0.0
0.0
800.0
0.0
0.0
0.0
0.0
800.0
0.0
0.0
0.0
0.0
800.0
0.0
0.0
0.0
0.0
747.0
21.0
0.0
0.0
799.0
0.0
1.0
0.0
0.0
0.0
769.0
6.0
0.0
0.0
0.0
0.0
800.0
0.0
0.0
0.0
747.0
13.0
0.0
0.0
0.0
750.0
16.0
log2 100 nb gini 50 kappa
0.0
783.0
0.0
0.0
0.0
0.0
0.0
794.0
0.0
0.0
0.0
6.0
0.0
0.0
0.0
0.0
0.0
0.0
0.0
0.0
0.0
131.0
0.0
0.0
0.0
0.0
275.0
0.0
0.0
0.0
0.0
0.0
0.0
19.0
0.0
0.0
0.0
0.0
0.0
0.0
0.0
0.0
0.0
728.0
0.0
0.0
0.0
0.0
0.0
0.0
0.0
0.0
0.0
38.0
0.0
0.0
0.0
0.0
36.0
0.0
0.0
0.0
0.0
0.0
0.0
0.0
0.0
0.0
0.0
0.0
0.0
0.0
0.0
0.0
0.0
0.0
0.0
0.0
0.0
642.0
0.0
0.0
0.0
0.0
0.0
0.0
0.0
0.0
0.0
0.0
log2 100 nb gini 50 kappa
0.0
0.0
0.0
0.0
0.0
0.0
0.0
0.0
0.0
0.0
0.0
0.0
0.0
0.0
0.0
0.0
0.0
0.0
0.0
0.0
0.0
0.0
0.0
0.0
0.0
0.0
0.0
0.0
0.0
0.0
0.0
0.0
0.0
0.0
0.0
0.0
0.0
0.0
0.0
0.0
0.0
0.0
0.0
0.0
0.0
0.0
0.0
0.0
0.0
0.0
0.0
0.0
0.0
0.0
0.0
0.0
0.0
0.0
0.0
0.0
0.0
0.0
0.0
0.0
0.0
0.0
0.0
0.0
0.0
0.0
0.0
0.0
0.0
0.0
0.0
0.0
0.0
0.0
0.0
0.0
0.0
0.0
0.0
0.0
0.0
0.0
0.0
0.0
0.0
0.0
log2 100 nb gini 25 acc
0.0
800.0
5.0
0.0
0.0
0.0
1.0
800.0
0.0
0.0
0.0
800.0
8.0
0.0
0.0
0.0
800.0
8.0
0.0
0.0
0.0
800.0
8.0
0.0
0.0
0.0
800.0
7.0
0.0
0.0
0.0
23.0
3.0
800.0
0.0
0.0
0.0
799.0
783.0
0.0
0.0
0.0
0.0
800.0
0.0
0.0
4.0
4.0
800.0
0.0
0.0
0.0
0.0
800.0
0.0
0.0
0.0
0.0
800.0
0.0
0.0
22.0
3.0
795.0
800.0
0.0
0.0
799.0
781.0
1.0
0.0
0.0
0.0
799.0
793.0
0.0
0.0
0.0
2.0
800.0
0.0
0.0
0.0
799.0
793.0
0.0
0.0
0.0
799.0
792.0
log2 100 nb gini 25 acc
0.0
800.0
0.0
0.0
0.0
0.0
1.0
799.0
0.0
0.0
0.0
799.0
1.0
0.0
0.0
0.0
800.0
0.0
0.0
0.0
0.0
799.0
1.0
0.0
0.0
0.0
799.0
1.0
0.0
0.0
0.0
0.0
0.0
800.0
0.0
0.0
0.0
794.0
6.0
0.0
0.0
0.0
0.0
800.0
0.0
0.0
0.0
0.0
800.0
0.0
0.0
0.0
0.0
800.0
0.0
0.0
0.0
0.0
800.0
0.0
0.0
0.0
0.0
736.0
44.0
0.0
0.0
794.0
0.0
1.0
0.0
0.0
0.0
773.0
24.0
0.0
0.0
0.0
0.0
800.0
0.0
0.0
0.0
765.0
22.0
0.0
0.0
0.0
771.0
23.0
log2 100 nb gini 25 acc
0.0
784.0
0.0
0.0
0.0
0.0
0.0
793.0
0.0
0.0
0.0
728.0
0.0
0.0
0.0
0.0
703.0
0.0
0.0
0.0
0.0
768.0
0.0
0.0
0.0
0.0
747.0
0.0
0.0
0.0
0.0
0.0
0.0
23.0
0.0
0.0
0.0
0.0
0.0
0.0
0.0
0.0
0.0
734.0
0.0
0.0
0.0
0.0
682.0
0.0
0.0
0.0
0.0
123.0
0.0
0.0
0.0
0.0
116.0
0.0
0.0
0.0
0.0
0.0
0.0
0.0
0.0
0.0
0.0
0.0
0.0
0.0
0.0
0.0
0.0
0.0
0.0
0.0
0.0
578.0
0.0
0.0
0.0
0.0
0.0
0.0
0.0
0.0
0.0
0.0
log2 100 nb gini 25 acc
0.0
0.0
0.0
0.0
0.0
0.0
0.0
0.0
0.0
0.0
0.0
0.0
0.0
0.0
0.0
0.0
0.0
0.0
0.0
0.0
0.0
0.0
0.0
0.0
0.0
0.0
0.0
0.0
0.0
0.0
0.0
0.0
0.0
0.0
0.0
0.0
0.0
0.0
0.0
0.0
0.0
0.0
0.0
0.0
0.0
0.0
0.0
0.0
0.0
0.0
0.0
0.0
0.0
0.0
0.0
0.0
0.0
0.0
0.0
0.0
0.0
0.0
0.0
0.0
0.0
0.0
0.0
0.0
0.0
0.0
0.0
0.0
0.0
0.0
0.0
0.0
0.0
0.0
0.0
0.0
0.0
0.0
0.0
0.0
0.0
0.0
0.0
0.0
0.0
0.0
