0.5 100 nb gini 50 acc
0.0
800.0
8.0
0.0
0.0
0.0
0.0
800.0
0.0
0.0
0.0
800.0
13.0
0.0
0.0
0.0
800.0
8.0
0.0
0.0
0.0
800.0
10.0
0.0
0.0
0.0
800.0
10.0
0.0
0.0
0.0
25.0
4.0
800.0
0.0
0.0
4.0
800.0
800.0
0.0
0.0
1.0
0.0
800.0
0.0
0.0
12.0
4.0
800.0
0.0
0.0
8.0
0.0
800.0
0.0
0.0
8.0
0.0
800.0
0.0
0.0
45.0
4.0
792.0
800.0
0.0
0.0
800.0
800.0
0.0
0.0
7.0
1.0
799.0
779.0
0.0
0.0
0.0
1.0
800.0
0.0
11.0
1.0
799.0
771.0
0.0
11.0
1.0
799.0
770.0
0.5 100 nb gini 50 acc
0.0
792.0
8.0
0.0
0.0
0.0
0.0
800.0
0.0
0.0
0.0
798.0
2.0
0.0
0.0
0.0
796.0
4.0
0.0
0.0
0.0
798.0
2.0
0.0
0.0
0.0
797.0
3.0
0.0
0.0
0.0
0.0
0.0
800.0
0.0
0.0
0.0
796.0
4.0
0.0
0.0
0.0
0.0
800.0
0.0
0.0
0.0
0.0
800.0
0.0
0.0
0.0
0.0
800.0
0.0
0.0
0.0
0.0
800.0
0.0
0.0
0.0
0.0
664.0
31.0
0.0
0.0
796.0
0.0
0.0
0.0
0.0
0.0
771.0
17.0
0.0
0.0
0.0
0.0
800.0
0.0
0.0
0.0
740.0
6.0
0.0
0.0
0.0
679.0
9.0
0.5 100 nb gini 50 acc
0.0
782.0
0.0
0.0
0.0
0.0
0.0
789.0
0.0
0.0
0.0
289.0
0.0
0.0
0.0
0.0
0.0
0.0
0.0
0.0
0.0
602.0
0.0
0.0
0.0
0.0
616.0
0.0
0.0
0.0
0.0
0.0
0.0
626.0
0.0
0.0
0.0
0.0
0.0
0.0
0.0
0.0
0.0
735.0
0.0
0.0
0.0
0.0
614.0
0.0
0.0
0.0
0.0
693.0
0.0
0.0
0.0
0.0
713.0
0.0
0.0
0.0
0.0
0.0
0.0
0.0
0.0
0.0
0.0
0.0
0.0
0.0
0.0
0.0
0.0
0.0
0.0
0.0
0.0
652.0
0.0
0.0
0.0
0.0
0.0
0.0
0.0
0.0
0.0
0.0
0.5 100 nb gini 50 acc
0.0
0.0
0.0
0.0
0.0
0.0
0.0
0.0
0.0
0.0
0.0
0.0
0.0
0.0
0.0
0.0
0.0
0.0
0.0
0.0
0.0
0.0
0.0
0.0
0.0
0.0
0.0
0.0
0.0
0.0
0.0
0.0
0.0
0.0
0.0
0.0
0.0
0.0
0.0
0.0
0.0
0.0
0.0
0.0
0.0
0.0
0.0
0.0
0.0
0.0
0.0
0.0
0.0
0.0
0.0
0.0
0.0
0.0
0.0
0.0
0.0
0.0
0.0
0.0
0.0
0.0
0.0
0.0
0.0
0.0
0.0
0.0
0.0
0.0
0.0
0.0
0.0
0.0
0.0
0.0
0.0
0.0
0.0
0.0
0.0
0.0
0.0
0.0
0.0
0.0
0.5 100 nb gini 50 kappa
0.0
800.0
8.0
0.0
0.0
0.0
0.0
800.0
0.0
0.0
0.0
800.0
15.0
0.0
0.0
0.0
800.0
8.0
0.0
0.0
0.0
800.0
12.0
0.0
0.0
0.0
800.0
11.0
0.0
0.0
0.0
26.0
4.0
800.0
0.0
0.0
0.0
800.0
800.0
0.0
0.0
1.0
0.0
800.0
0.0
0.0
16.0
4.0
800.0
0.0
0.0
1.0
0.0
800.0
0.0
0.0
1.0
0.0
800.0
0.0
0.0
47.0
4.0
792.0
800.0
0.0
4.0
800.0
800.0
4.0
0.0
1.0
0.0
799.0
786.0
0.0
0.0
0.0
1.0
800.0
0.0
8.0
0.0
799.0
782.0
0.0
2.0
0.0
799.0
780.0
0.5 100 nb gini 50 kappa
0.0
792.0
8.0
0.0
0.0
0.0
0.0
800.0
0.0
0.0
0.0
798.0
2.0
0.0
0.0
0.0
796.0
4.0
0.0
0.0
0.0
798.0
2.0
0.0
0.0
0.0
798.0
2.0
0.0
0.0
0.0
0.0
0.0
796.0
0.0
0.0
0.0
796.0
4.0
0.0
0.0
0.0
0.0
800.0
0.0
0.0
0.0
0.0
800.0
0.0
0.0
0.0
0.0
800.0
0.0
0.0
0.0
0.0
800.0
0.0
0.0
0.0
0.0
230.0
528.0
0.0
0.0
796.0
0.0
0.0
0.0
0.0
0.0
630.0
170.0
0.0
0.0
0.0
0.0
800.0
0.0
0.0
0.0
731.0
64.0
0.0
0.0
0.0
557.0
243.0
0.5 100 nb gini 50 kappa
0.0
781.0
0.0
0.0
0.0
0.0
0.0
789.0
0.0
0.0
0.0
174.0
0.0
0.0
0.0
0.0
15.0
0.0
0.0
0.0
0.0
733.0
0.0
0.0
0.0
0.0
733.0
0.0
0.0
0.0
0.0
0.0
0.0
28.0
0.0
0.0
0.0
0.0
0.0
0.0
0.0
0.0
0.0
749.0
0.0
0.0
0.0
0.0
608.0
0.0
0.0
0.0
0.0
49.0
0.0
0.0
0.0
0.0
71.0
0.0
0.0
0.0
0.0
0.0
0.0
0.0
0.0
0.0
0.0
0.0
0.0
0.0
0.0
0.0
0.0
0.0
0.0
0.0
0.0
516.0
0.0
0.0
0.0
0.0
0.0
0.0
0.0
0.0
0.0
0.0
0.5 100 nb gini 50 kappa
0.0
0.0
0.0
0.0
0.0
0.0
0.0
0.0
0.0
0.0
0.0
0.0
0.0
0.0
0.0
0.0
0.0
0.0
0.0
0.0
0.0
0.0
0.0
0.0
0.0
0.0
0.0
0.0
0.0
0.0
0.0
0.0
0.0
0.0
0.0
0.0
0.0
0.0
0.0
0.0
0.0
0.0
0.0
0.0
0.0
0.0
0.0
0.0
0.0
0.0
0.0
0.0
0.0
0.0
0.0
0.0
0.0
0.0
0.0
0.0
0.0
0.0
0.0
0.0
0.0
0.0
0.0
0.0
0.0
0.0
0.0
0.0
0.0
0.0
0.0
0.0
0.0
0.0
0.0
0.0
0.0
0.0
0.0
0.0
0.0
0.0
0.0
0.0
0.0
0.0
0.5 100 nb gini 25 acc
0.0
800.0
8.0
0.0
0.0
0.0
0.0
800.0
0.0
0.0
0.0
800.0
9.0
0.0
0.0
0.0
800.0
8.0
0.0
0.0
0.0
800.0
8.0
0.0
0.0
0.0
800.0
8.0
0.0
0.0
0.0
16.0
12.0
800.0
0.0
0.0
0.0
800.0
800.0
0.0
0.0
0.0
1.0
800.0
0.0
0.0
4.0
8.0
800.0
0.0
0.0
1.0
1.0
800.0
0.0
0.0
1.0
1.0
800.0
0.0
0.0
41.0
4.0
792.0
796.0
0.0
0.0
800.0
800.0
0.0
0.0
1.0
0.0
799.0
788.0
0.0
0.0
0.0
2.0
800.0
0.0
8.0
0.0
799.0
789.0
0.0
3.0
0.0
799.0
789.0
0.5 100 nb gini 25 acc
0.0
792.0
8.0
0.0
0.0
0.0
0.0
800.0
0.0
0.0
0.0
798.0
2.0
0.0
0.0
0.0
796.0
4.0
0.0
0.0
0.0
798.0
2.0
0.0
0.0
0.0
798.0
2.0
0.0
0.0
0.0
0.0
0.0
800.0
0.0
0.0
0.0
796.0
4.0
0.0
0.0
0.0
0.0
800.0
0.0
0.0
0.0
0.0
800.0
0.0
0.0
0.0
0.0
800.0
0.0
0.0
0.0
0.0
800.0
0.0
0.0
0.0
0.0
79.0
656.0
0.0
0.0
796.0
4.0
0.0
0.0
0.0
0.0
705.0
71.0
0.0
0.0
0.0
0.0
800.0
0.0
0.0
0.0
418.0
226.0
0.0
0.0
0.0
244.0
411.0
0.5 100 nb gini 25 acc
0.0
781.0
0.0
0.0
0.0
0.0
0.0
789.0
0.0
0.0
0.0
30.0
0.0
0.0
0.0
0.0
5.0
0.0
0.0
0.0
0.0
62.0
0.0
0.0
0.0
0.0
91.0
0.0
0.0
0.0
0.0
0.0
0.0
617.0
0.0
0.0
0.0
0.0
0.0
0.0
0.0
0.0
0.0
758.0
0.0
0.0
0.0
0.0
618.0
0.0
0.0
0.0
0.0
739.0
0.0
0.0
0.0
0.0
751.0
0.0
0.0
0.0
0.0
0.0
0.0
0.0
0.0
0.0
0.0
0.0
0.0
0.0
0.0
0.0
0.0
0.0
0.0
0.0
0.0
652.0
0.0
0.0
0.0
0.0
0.0
0.0
0.0
0.0
0.0
0.0
