SAMKNN 10000 1 2 2 distance maxACC 8000 400 800
0.5
99.5
0.0
0.0
0.0
1.0
0.5
98.5
0.0
0.0
91.0
9.0
0.0
0.0
0.0
99.5
0.5
0.0
0.0
0.0
29.75
70.25
0.0
0.0
0.0
16.5
83.5
0.0
0.0
0.0
0.0
99.0
0.0
1.0
0.0
0.0
0.5
98.5
1.0
0.0
0.0
9.25
0.0
90.75
0.0
0.0
0.5
0.0
99.5
0.0
0.0
70.25
0.0
29.75
0.0
0.0
83.5
0.0
16.5
0.0
0.0
98.75
0.0
0.0
1.25
0.0
0.5
98.5
0.0
1.0
0.0
0.25
0.0
94.75
5.0
0.0
0.5
0.0
0.0
99.5
0.0
65.5
0.0
8.75
25.75
0.0
83.25
0.0
1.25
15.5
SAMKNN 10000 2 2 2 distance maxACC 8000 400 800
0.5
99.5
0.0
0.0
0.0
0.5
0.5
99.0
0.0
0.0
66.5
33.5
0.0
0.0
0.0
99.5
0.5
0.0
0.0
0.0
13.750000000000002
86.25
0.0
0.0
0.0
11.0
89.0
0.0
0.0
0.0
0.75
99.25
0.0
0.0
0.0
0.25
0.5
99.25
0.0
0.0
3.0
0.25
0.0
96.75
0.0
99.0
0.5
0.0
0.5
0.0
13.5
73.0
0.0
13.5
0.0
11.0
88.0
0.0
1.0
0.0
1.25
98.75
0.0
0.0
0.0
0.75
0.0
99.25
0.0
0.0
2.75
0.0
0.0
97.25
0.0
3.5000000000000004
0.0
0.0
0.0
96.5
12.75
71.0
0.0
16.25
0.0
11.25
87.0
0.0
1.7500000000000002
0.0
SAMKNN 10000 5 2 2 distance maxACC 8000 400 800
0.0
100.0
0.0
0.0
0.0
0.0
0.5
99.5
0.0
0.0
39.25
60.75000000000001
0.0
0.0
0.0
99.5
0.5
0.0
0.0
0.0
9.0
91.0
0.0
0.0
0.0
5.75
94.25
0.0
0.0
0.0
0.0
100.0
0.0
0.0
0.0
0.0
0.5
99.5
0.0
0.0
2.0
0.5
0.0
97.5
0.0
11.0
0.5
0.0
88.5
0.0
5.0
76.25
0.0
18.75
0.0
3.0
90.75
0.0
6.25
0.0
1.0
99.0
0.0
0.0
0.0
0.5
0.0
99.5
0.0
0.0
1.7500000000000002
0.25
0.0
97.75
0.25
2.5
0.0
0.0
0.0
97.5
5.0
73.5
0.0
21.5
0.0
3.0
89.5
0.0
7.5
0.0
SAMKNN 10000 10 2 2 distance maxACC 8000 400 800
0.0
100.0
0.0
0.0
0.0
0.0
0.5
99.5
0.0
0.0
9.25
90.75
0.0
0.0
0.0
99.5
0.5
0.0
0.0
0.0
6.0
94.0
0.0
0.0
0.0
3.75
96.25
0.0
0.0
0.0
0.0
100.0
0.0
0.0
0.0
0.0
0.5
99.5
0.0
0.0
1.5
0.75
0.0
97.75
0.0
4.75
0.5
0.0
94.75
0.0
4.0
76.0
0.0
20.0
0.0
1.5
90.75
0.0
7.75
0.0
1.0
99.0
0.0
0.0
0.0
0.5
0.0
99.5
0.0
0.0
1.0
0.25
0.0
98.25
0.5
1.5
0.0
0.0
0.0
98.5
4.25
73.5
0.0
22.25
0.0
1.5
89.5
0.0
9.0
0.0
SAMKNN 10000 20 2 2 distance maxACC 8000 400 800
0.0
100.0
0.0
0.0
0.0
0.0
0.5
99.5
0.0
0.0
3.25
96.75
0.0
0.0
0.0
3.0
97.0
0.0
0.0
0.0
5.0
95.0
0.0
0.0
0.0
2.5
97.5
0.0
0.0
0.0
0.0
100.0
0.0
0.0
0.0
0.0
0.5
99.5
0.0
0.0
1.25
0.75
0.0
98.0
0.0
2.75
1.25
0.0
96.0
0.0
2.25
76.0
0.0
21.75
0.0
1.25
90.75
0.0
8.0
0.0
0.5
99.5
0.0
0.0
0.0
0.5
0.0
99.5
0.0
0.0
0.5
0.25
0.0
98.75
0.5
1.0
0.0
0.0
0.0
99.0
1.0
73.5
0.0
25.5
0.0
0.5
89.75
0.0
9.75
0.0
SAMKNN 10000 1 5 2 distance maxACC 8000 400 800
1.0
99.0
0.0
0.0
0.0
2.75
0.5
96.75
0.0
0.0
91.0
9.0
0.0
0.0
0.0
99.5
0.5
0.0
0.0
0.0
31.25
68.75
0.0
0.0
0.0
16.75
83.25
0.0
0.0
0.0
0.5
99.5
0.0
0.0
0.0
1.25
0.5
98.25
0.0
0.0
6.5
0.25
0.0
93.25
0.0
99.5
0.5
0.0
0.0
0.0
29.75
64.5
0.0
5.75
0.0
16.25
83.25
0.0
0.5
0.0
1.5
98.5
0.0
0.0
0.0
1.7500000000000002
0.0
98.25
0.0
0.0
5.75
0.0
0.0
94.25
0.0
8.75
0.0
0.0
0.0
91.25
28.749999999999996
64.0
0.0
7.249999999999999
0.0
16.0
83.0
0.0
1.0
0.0
SAMKNN 10000 2 5 2 distance maxACC 8000 400 800
1.0
99.0
0.0
0.0
0.0
1.5
0.5
98.0
0.0
0.0
66.75
33.25
0.0
0.0
0.0
99.5
0.5
0.0
0.0
0.0
13.750000000000002
86.25
0.0
0.0
0.0
11.75
88.25
0.0
0.0
0.0
0.5
99.5
0.0
0.0
0.0
0.5
0.5
99.0
0.0
0.0
4.75
0.25
0.0
95.0
0.0
99.5
0.5
0.0
0.0
0.0
13.750000000000002
80.0
0.0
6.25
0.0
11.75
87.25
0.0
1.0
0.0
1.5
98.5
0.0
0.0
0.0
1.0
0.0
99.0
0.0
0.0
3.75
0.0
0.0
96.25
0.0
7.249999999999999
0.0
0.0
0.0
92.75
14.000000000000002
74.75
0.0
11.25
0.0
12.0
87.0
0.0
1.0
0.0
SAMKNN 10000 5 5 2 distance maxACC 8000 400 800
0.5
99.5
0.0
0.0
0.0
1.0
0.5
98.5
0.0
0.0
39.25
60.75000000000001
0.0
0.0
0.0
99.5
0.5
0.0
0.0
0.0
9.5
90.5
0.0
0.0
0.0
6.0
94.0
0.0
0.0
0.0
0.0
100.0
0.0
0.0
0.0
0.0
0.5
99.5
0.0
0.0
3.0
0.5
0.0
96.5
0.0
12.0
0.5
0.0
87.5
0.0
5.75
82.5
0.0
11.75
0.0
3.75
91.0
0.0
5.25
0.0
1.0
99.0
0.0
0.0
0.0
0.5
0.0
99.5
0.0
0.0
2.25
0.25
0.0
97.5
0.0
4.75
0.0
0.0
0.0
95.25
5.25
77.25
0.0
17.5
0.0
3.25
90.0
0.0
6.75
0.0
SAMKNN 10000 10 5 2 distance maxACC 8000 400 800
0.5
99.5
0.0
0.0
0.0
0.5
0.5
99.0
0.0
0.0
9.5
90.5
0.0
0.0
0.0
99.5
0.5
0.0
0.0
0.0
6.25
93.75
0.0
0.0
0.0
4.0
96.0
0.0
0.0
0.0
0.0
100.0
0.0
0.0
0.0
0.0
0.5
99.5
0.0
0.0
1.5
0.75
0.0
97.75
0.0
5.75
0.5
0.0
93.75
0.0
4.5
82.75
0.0
12.75
0.0
2.0
91.0
0.0
7.000000000000001
0.0
1.0
99.0
0.0
0.0
0.0
0.5
0.0
99.5
0.0
0.0
1.5
0.5
0.0
97.75
0.25
2.5
0.0
0.0
0.0
97.5
4.25
77.25
0.0
18.5
0.0
1.7500000000000002
90.0
0.0
8.25
0.0
SAMKNN 10000 20 5 2 distance maxACC 8000 400 800
0.5
99.5
0.0
0.0
0.0
0.0
0.5
99.5
0.0
0.0
3.25
96.75
0.0
0.0
0.0
3.25
96.75
0.0
0.0
0.0
5.0
95.0
0.0
0.0
0.0
2.5
97.5
0.0
0.0
0.0
0.0
100.0
0.0
0.0
0.0
0.0
0.5
99.5
0.0
0.0
1.5
0.75
0.0
97.75
0.0
3.0
1.7500000000000002
0.0
95.25
0.0
4.0
82.5
0.0
13.5
0.0
1.25
91.25
0.0
7.5
0.0
1.0
99.0
0.0
0.0
0.0
0.5
0.0
99.5
0.0
0.0
1.5
0.5
0.0
97.75
0.25
1.5
0.0
0.0
0.0
98.5
4.25
77.25
0.0
18.5
0.0
1.5
90.25
0.0
8.25
0.0
SAMKNN 10000 1 2 2 distance maxACCApprox 8000 400 800
0.5
99.5
0.0
0.0
0.0
1.0
0.5
98.5
0.0
0.0
91.0
9.0
0.0
0.0
0.0
99.5
0.5
0.0
0.0
0.0
29.75
70.25
0.0
0.0
0.0
16.5
83.5
0.0
0.0
0.0
1.0
99.0
0.0
0.0
0.0
1.0
0.5
98.5
0.0
0.0
51.74999999999999
0.25
0.0
48.0
0.0
99.5
0.5
0.0
0.0
0.0
29.75
70.25
0.0
0.0
0.0
16.5
83.5
0.0
0.0
0.0
1.25
98.75
0.0
0.0
0.0
1.0
0.5
98.5
0.0
0.0
5.0
0.25
0.0
94.75
0.0
17.25
0.5
0.0
0.0
82.25
25.75
65.5
0.0
8.75
0.0
15.5
83.25
0.0
1.25
0.0
SAMKNN 10000 2 2 2 distance maxACCApprox 8000 400 800
0.5
99.5
0.0
0.0
0.0
0.5
0.5
99.0
0.0
0.0
66.5
33.5
0.0
0.0
0.0
99.5
0.5
0.0
0.0
0.0
13.750000000000002
86.25
0.0
0.0
0.0
11.0
89.0
0.0
0.0
0.0
0.75
99.25
0.0
0.0
0.0
0.25
0.5
99.25
0.0
0.0
3.0
0.25
0.0
96.75
0.0
98.75
0.5
0.0
0.75
0.0
13.5
73.75
0.0
12.75
0.0
11.0
88.0
0.0
1.0
0.0
1.25
98.75
0.0
0.0
0.0
0.75
0.0
99.25
0.0
0.0
2.75
0.0
0.0
97.25
0.0
3.5000000000000004
0.0
0.0
0.0
96.5
12.75
71.0
0.0
16.25
0.0
11.25
87.0
0.0
1.7500000000000002
0.0
SAMKNN 10000 5 2 2 distance maxACCApprox 8000 400 800
0.0
100.0
0.0
0.0
0.0
0.0
0.5
99.5
0.0
0.0
39.25
60.75000000000001
0.0
0.0
0.0
99.5
0.5
0.0
0.0
0.0
9.0
91.0
0.0
0.0
0.0
5.75
94.25
0.0
0.0
0.0
0.0
100.0
0.0
0.0
0.0
0.0
0.5
99.5
0.0
0.0
2.0
0.5
0.0
97.5
0.0
11.5
0.5
0.0
88.0
0.0
5.0
75.5
0.0
19.5
0.0
3.0
90.75
0.0
6.25
0.0
1.0
99.0
0.0
0.0
0.0
0.5
0.0
99.5
0.0
0.0
1.7500000000000002
0.25
0.0
97.75
0.25
2.5
0.0
0.0
0.0
97.5
5.0
73.5
0.0
21.5
0.0
3.0
89.5
0.0
7.5
0.0
SAMKNN 10000 10 2 2 distance maxACCApprox 8000 400 800
0.0
100.0
0.0
0.0
0.0
0.0
0.5
99.5
0.0
0.0
9.25
90.75
0.0
0.0
0.0
99.5
0.5
0.0
0.0
0.0
6.0
94.0
0.0
0.0
0.0
3.75
96.25
0.0
0.0
0.0
0.0
100.0
0.0
0.0
0.0
0.0
0.5
99.5
0.0
0.0
1.5
0.75
0.0
97.75
0.0
4.75
0.5
0.0
94.75
0.0
4.0
75.5
0.0
20.5
0.0
1.5
90.5
0.0
8.0
0.0
0.5
99.5
0.0
0.0
0.0
0.5
0.0
99.5
0.0
0.0
1.0
0.25
0.0
98.25
0.5
1.5
0.0
0.0
0.0
98.5
4.25
73.5
0.0
22.25
0.0
1.5
89.5
0.0
9.0
0.0
SAMKNN 10000 20 2 2 distance maxACCApprox 8000 400 800
0.0
100.0
0.0
0.0
0.0
0.0
0.5
99.5
0.0
0.0
3.25
96.75
0.0
0.0
0.0
3.0
97.0
0.0
0.0
0.0
5.0
95.0
0.0
0.0
0.0
2.5
97.5
0.0
0.0
0.0
0.0
100.0
0.0
0.0
0.0
0.0
0.5
99.5
0.0
0.0
0.75
0.75
0.0
98.5
0.0
2.75
1.25
0.0
96.0
0.0
0.75
75.5
0.0
23.75
0.0
0.75
90.75
0.0
8.5
0.0
0.5
99.5
0.0
0.0
0.0
0.5
0.0
99.5
0.0
0.0
0.5
0.25
0.0
98.75
0.5
1.0
0.0
0.0
0.0
99.0
1.0
73.5
0.0
25.5
0.0
0.5
89.75
0.0
9.75
0.0
SAMKNN 10000 1 5 2 distance maxACCApprox 8000 400 800
0.5
99.5
0.0
0.0
0.0
2.75
0.5
96.75
0.0
0.0
91.0
9.0
0.0
0.0
0.0
99.5
0.5
0.0
0.0
0.0
31.25
68.75
0.0
0.0
0.0
16.75
83.25
0.0
0.0
0.0
0.5
99.5
0.0
0.0
0.0
1.25
0.5
98.25
0.0
0.0
6.5
0.25
0.0
93.25
0.0
99.5
0.5
0.0
0.0
0.0
30.0
64.5
0.0
5.5
0.0
16.25
83.25
0.0
0.5
0.0
1.5
98.5
0.0
0.0
0.0
1.7500000000000002
0.0
98.25
0.0
0.0
5.75
0.0
0.0
94.25
0.0
8.75
0.0
0.0
0.0
91.25
28.749999999999996
64.0
0.0
7.249999999999999
0.0
16.0
83.0
0.0
1.0
0.0
SAMKNN 10000 2 5 2 distance maxACCApprox 8000 400 800
0.5
99.5
0.0
0.0
0.0
1.5
0.5
98.0
0.0
0.0
66.5
33.5
0.0
0.0
0.0
99.5
0.5
0.0
0.0
0.0
13.750000000000002
86.25
0.0
0.0
0.0
11.75
88.25
0.0
0.0
0.0
0.5
99.5
0.0
0.0
0.0
0.5
0.5
99.0
0.0
0.0
4.75
0.25
0.0
95.0
0.0
99.5
0.5
0.0
0.0
0.0
13.750000000000002
79.5
0.0
6.75
0.0
11.75
87.25
0.0
1.0
0.0
1.5
98.5
0.0
0.0
0.0
1.0
0.0
99.0
0.0
0.0
3.75
0.0
0.0
96.25
0.0
6.75
0.0
0.0
0.0
93.25
14.000000000000002
74.75
0.0
11.25
0.0
12.0
87.0
0.0
1.0
0.0
SAMKNN 10000 5 5 2 distance maxACCApprox 8000 400 800
0.0
100.0
0.0
0.0
0.0
1.0
0.5
98.5
0.0
0.0
39.25
60.75000000000001
0.0
0.0
0.0
99.5
0.5
0.0
0.0
0.0
9.5
90.5
0.0
0.0
0.0
6.0
94.0
0.0
0.0
0.0
0.0
100.0
0.0
0.0
0.0
0.0
0.5
99.5
0.0
0.0
3.0
0.5
0.0
96.5
0.0
12.0
0.5
0.0
87.5
0.0
5.75
82.25
0.0
12.0
0.0
3.75
91.0
0.0
5.25
0.0
1.0
99.0
0.0
0.0
0.0
0.5
0.0
99.5
0.0
0.0
2.25
0.25
0.0
97.5
0.0
3.75
0.0
0.0
0.0
96.25
5.25
77.25
0.0
17.5
0.0
3.25
90.0
0.0
6.75
0.0
SAMKNN 10000 10 5 2 distance maxACCApprox 8000 400 800
0.0
100.0
0.0
0.0
0.0
0.5
0.5
99.0
0.0
0.0
9.5
90.5
0.0
0.0
0.0
99.5
0.5
0.0
0.0
0.0
6.25
93.75
0.0
0.0
0.0
4.0
96.0
0.0
0.0
0.0
0.0
100.0
0.0
0.0
0.0
0.0
0.5
99.5
0.0
0.0
1.7500000000000002
0.75
0.0
97.5
0.0
5.75
0.5
0.0
93.75
0.0
4.5
82.5
0.0
13.0
0.0
2.25
91.0
0.0
6.75
0.0
1.0
99.0
0.0
0.0
0.0
0.5
0.0
99.5
0.0
0.0
1.5
0.5
0.0
97.75
0.25
2.5
0.0
0.0
0.0
97.5
4.25
77.25
0.0
18.5
0.0
1.7500000000000002
90.0
0.0
8.25
0.0
SAMKNN 10000 20 5 2 distance maxACCApprox 8000 400 800
0.0
100.0
0.0
0.0
0.0
0.0
0.5
99.5
0.0
0.0
3.25
96.75
0.0
0.0
0.0
3.25
96.75
0.0
0.0
0.0
5.0
95.0
0.0
0.0
0.0
2.5
97.5
0.0
0.0
0.0
0.0
100.0
0.0
0.0
0.0
0.0
0.5
99.5
0.0
0.0
1.7500000000000002
0.75
0.0
97.5
0.0
3.0
1.7500000000000002
0.0
95.25
0.0
4.0
83.0
0.0
13.0
0.0
1.5
91.5
0.0
7.000000000000001
0.0
1.0
99.0
0.0
0.0
0.0
0.5
0.0
99.5
0.0
0.0
1.5
0.5
0.0
97.75
0.25
1.5
0.0
0.0
0.0
98.5
4.25
77.5
0.0
18.25
0.0
1.5
90.25
0.0
8.25
0.0
SAMKNN 10000 1 2 2 uniform maxACC 8000 400 800
1.25
98.75
0.0
0.0
0.0
2.0
0.5
97.5
0.0
0.0
91.0
9.0
0.0
0.0
0.0
99.5
0.5
0.0
0.0
0.0
29.75
70.25
0.0
0.0
0.0
16.5
83.5
0.0
0.0
0.0
1.0
99.0
0.0
0.0
0.0
1.0
0.5
98.5
0.0
0.0
89.0
9.25
0.0
1.7500000000000002
0.0
99.5
0.5
0.0
0.0
0.0
29.75
70.25
0.0
0.0
0.0
16.5
83.5
0.0
0.0
0.0
1.25
98.75
0.0
0.0
0.0
1.0
0.5
98.5
0.0
0.0
5.0
0.25
0.0
94.75
0.0
23.0
0.5
0.0
0.0
76.5
25.75
65.5
0.0
8.75
0.0
15.5
83.25
0.0
1.25
0.0
SAMKNN 10000 2 2 2 uniform maxACC 8000 400 800
3.0
97.0
0.0
0.0
0.0
3.0
0.0
97.0
0.0
0.0
66.75
33.25
0.0
0.0
0.0
100.0
0.0
0.0
0.0
0.0
14.000000000000002
86.0
0.0
0.0
0.0
11.25
88.75
0.0
0.0
0.0
0.5
99.5
0.0
0.0
0.0
0.25
0.5
99.25
0.0
0.0
3.0
0.25
0.0
96.75
0.0
99.0
0.5
0.0
0.5
0.0
13.5
73.0
0.0
13.5
0.0
11.0
88.0
0.0
1.0
0.0
2.75
97.25
0.0
0.0
0.0
3.0
0.0
97.0
0.0
0.0
3.0
0.0
0.0
97.0
0.0
3.0
0.0
0.0
0.0
97.0
13.750000000000002
72.5
0.0
13.750000000000002
0.0
11.25
87.5
0.0
1.25
0.0
SAMKNN 10000 5 2 2 uniform maxACC 8000 400 800
1.5
98.5
0.0
0.0
0.0
2.0
0.0
98.0
0.0
0.0
39.5
60.5
0.0
0.0
0.0
100.0
0.0
0.0
0.0
0.0
9.25
90.75
0.0
0.0
0.0
6.0
94.0
0.0
0.0
0.0
0.0
100.0
0.0
0.0
0.0
0.0
0.5
99.5
0.0
0.0
2.0
0.5
0.0
97.5
0.0
12.0
0.5
0.0
87.5
0.0
5.0
77.25
0.0
17.75
0.0
3.0
92.75
0.0
4.25
0.0
0.0
100.0
0.0
0.0
0.0
0.0
0.5
99.5
0.0
0.0
1.5
0.5
0.0
97.75
0.25
1.7500000000000002
0.5
0.0
0.0
97.75
4.75
75.25
0.0
20.0
0.0
2.75
89.75
0.0
7.5
0.0
SAMKNN 10000 10 2 2 uniform maxACC 8000 400 800
1.5
98.5
0.0
0.0
0.0
2.0
0.0
98.0
0.0
0.0
9.5
90.5
0.0
0.0
0.0
100.0
0.0
0.0
0.0
0.0
6.5
93.5
0.0
0.0
0.0
4.25
95.75
0.0
0.0
0.0
0.0
100.0
0.0
0.0
0.0
0.0
0.5
99.5
0.0
0.0
1.5
0.75
0.0
97.75
0.0
4.75
0.5
0.0
94.75
0.0
4.0
75.5
0.0
20.5
0.0
1.5
91.0
0.0
7.5
0.0
0.0
100.0
0.0
0.0
0.0
0.0
0.5
99.5
0.0
0.0
0.75
0.5
0.0
98.25
0.5
1.0
0.5
0.0
0.0
98.5
4.0
73.75
0.0
22.25
0.0
1.25
89.75
0.0
9.0
0.0
SAMKNN 10000 20 2 2 uniform maxACC 8000 400 800
1.0
99.0
0.0
0.0
0.0
1.5
0.0
98.5
0.0
0.0
3.5000000000000004
96.5
0.0
0.0
0.0
3.25
96.75
0.0
0.0
0.0
5.25
94.75
0.0
0.0
0.0
2.75
97.25
0.0
0.0
0.0
0.0
100.0
0.0
0.0
0.0
0.0
0.5
99.5
0.0
0.0
1.25
0.75
0.0
98.0
0.0
2.75
1.25
0.0
96.0
0.0
2.25
75.5
0.0
22.25
0.0
1.25
91.25
0.0
7.5
0.0
1.0
99.0
0.0
0.0
0.0
1.5
0.0
98.5
0.0
0.0
1.25
0.25
0.0
98.0
0.5
1.0
0.0
0.0
0.0
99.0
2.5
75.0
0.0
22.5
0.0
1.5
90.25
0.0
8.25
0.0
SAMKNN 10000 1 5 2 uniform maxACC 8000 400 800
5.5
94.5
0.0
0.0
0.0
5.5
0.0
94.5
0.0
0.0
91.25
8.75
0.0
0.0
0.0
100.0
0.0
0.0
0.0
0.0
31.5
68.5
0.0
0.0
0.0
17.25
82.75
0.0
0.0
0.0
0.5
99.5
0.0
0.0
0.0
1.25
0.5
98.25
0.0
0.0
11.5
0.25
0.0
88.25
0.0
99.5
0.5
0.0
0.0
0.0
31.25
68.75
0.0
0.0
0.0
16.75
83.25
0.0
0.0
0.0
0.5
99.5
0.0
0.0
0.0
1.25
0.5
98.25
0.0
0.0
5.5
0.25
0.0
94.25
0.0
8.25
0.5
0.0
0.0
91.25
28.999999999999996
64.25
0.0
6.75
0.0
15.75
83.25
0.0
1.0
0.0
SAMKNN 10000 2 5 2 uniform maxACC 8000 400 800
4.0
96.0
0.0
0.0
0.0
3.75
0.0
96.25
0.0
0.0
67.0
33.0
0.0
0.0
0.0
100.0
0.0
0.0
0.0
0.0
14.75
85.25
0.0
0.0
0.0
12.25
87.75
0.0
0.0
0.0
0.5
99.5
0.0
0.0
0.0
0.5
0.5
99.0
0.0
0.0
4.5
0.25
0.0
95.25
0.0
99.5
0.5
0.0
0.0
0.0
13.750000000000002
79.5
0.0
6.75
0.0
11.75
87.5
0.0
0.75
0.0
0.5
99.5
0.0
0.0
0.0
0.5
0.5
99.0
0.0
0.0
3.5000000000000004
0.25
0.0
96.25
0.0
6.5
0.5
0.0
0.0
93.0
13.750000000000002
75.75
0.0
10.5
0.0
11.75
87.25
0.0
1.0
0.0
SAMKNN 10000 5 5 2 uniform maxACC 8000 400 800
3.0
97.0
0.0
0.0
0.0
2.5
0.0
97.5
0.0
0.0
39.5
60.5
0.0
0.0
0.0
100.0
0.0
0.0
0.0
0.0
10.5
89.5
0.0
0.0
0.0
6.75
93.25
0.0
0.0
0.0
0.0
100.0
0.0
0.0
0.0
0.0
0.5
99.5
0.0
0.0
2.75
0.5
0.0
96.75
0.0
12.0
0.5
0.0
87.5
0.0
5.75
82.75
0.0
11.5
0.0
3.75
91.25
0.0
5.0
0.0
3.0
97.0
0.0
0.0
0.0
2.5
0.0
97.5
0.0
0.0
3.0
0.25
0.0
96.75
0.0
4.5
0.0
0.0
0.0
95.5
5.75
79.5
0.0
14.75
0.0
3.75
90.0
0.0
6.25
0.0
SAMKNN 10000 10 5 2 uniform maxACC 8000 400 800
2.5
97.5
0.0
0.0
0.0
2.5
0.0
97.5
0.0
0.0
10.75
89.25
0.0
0.0
0.0
100.0
0.0
0.0
0.0
0.0
6.75
93.25
0.0
0.0
0.0
4.5
95.5
0.0
0.0
0.0
0.0
100.0
0.0
0.0
0.0
0.0
0.5
99.5
0.0
0.0
1.7500000000000002
1.0
0.0
97.25
0.0
6.5
0.5
0.0
93.0
0.0
4.75
89.25
0.0
6.0
0.0
2.5
94.0
0.0
3.5000000000000004
0.0
0.0
100.0
0.0
0.0
0.0
0.0
0.5
99.5
0.0
0.0
1.5
0.75
0.0
97.75
0.0
2.0
0.5
0.0
0.0
97.5
4.0
78.0
0.0
18.0
0.0
1.5
90.5
0.0
8.0
0.0
SAMKNN 10000 20 5 2 uniform maxACC 8000 400 800
2.0
98.0
0.0
0.0
0.0
2.0
0.0
98.0
0.0
0.0
4.0
96.0
0.0
0.0
0.0
4.75
95.25
0.0
0.0
0.0
5.75
94.25
0.0
0.0
0.0
3.25
96.75
0.0
0.0
0.0
0.0
100.0
0.0
0.0
0.0
0.0
0.5
99.5
0.0
0.0
1.5
0.75
0.0
97.75
0.0
3.0
1.7500000000000002
0.0
95.25
0.0
4.0
82.75
0.0
13.25
0.0
1.25
91.5
0.0
7.249999999999999
0.0
0.0
100.0
0.0
0.0
0.0
0.0
0.5
99.5
0.0
0.0
1.25
0.75
0.0
97.75
0.25
1.0
0.5
0.0
0.0
98.5
4.0
78.0
0.0
18.0
0.0
1.25
90.5
0.0
8.25
0.0
SAMKNN 10000 1 2 2 uniform maxACCApprox 8000 400 800
5.5
94.5
0.0
0.0
0.0
6.25
0.0
93.75
0.0
0.0
91.25
8.75
0.0
0.0
0.0
100.0
0.0
0.0
0.0
0.0
33.5
66.5
0.0
0.0
0.0
18.5
81.5
0.0
0.0
0.0
1.0
99.0
0.0
0.0
0.0
1.0
0.5
98.5
0.0
0.0
30.5
0.25
0.0
69.25
0.0
99.5
0.5
0.0
0.0
0.0
29.75
70.25
0.0
0.0
0.0
16.5
83.5
0.0
0.0
0.0
1.25
98.75
0.0
0.0
0.0
1.0
0.5
98.5
0.0
0.0
5.0
0.25
0.0
94.75
0.0
12.5
0.5
0.0
0.0
87.0
25.75
65.5
0.0
8.75
0.0
15.5
83.25
0.0
1.25
0.0
SAMKNN 10000 2 2 2 uniform maxACCApprox 8000 400 800
3.0
97.0
0.0
0.0
0.0
3.0
0.0
97.0
0.0
0.0
66.75
33.25
0.0
0.0
0.0
100.0
0.0
0.0
0.0
0.0
14.000000000000002
86.0
0.0
0.0
0.0
11.5
88.5
0.0
0.0
0.0
2.75
97.25
0.0
0.0
0.0
3.0
0.0
97.0
0.0
0.0
3.25
0.0
0.0
96.75
0.0
100.0
0.0
0.0
0.0
0.0
14.000000000000002
76.5
0.0
9.5
0.0
11.25
88.25
0.0
0.5
0.0
2.75
97.25
0.0
0.0
0.0
3.0
0.0
97.0
0.0
0.0
2.75
0.0
0.0
97.25
0.0
3.0
0.0
0.0
0.0
97.0
13.5
71.5
0.0
15.0
0.0
11.25
87.0
0.0
1.7500000000000002
0.0
SAMKNN 10000 5 2 2 uniform maxACCApprox 8000 400 800
1.5
98.5
0.0
0.0
0.0
2.0
0.0
98.0
0.0
0.0
39.5
60.5
0.0
0.0
0.0
100.0
0.0
0.0
0.0
0.0
9.25
90.75
0.0
0.0
0.0
6.0
94.0
0.0
0.0
0.0
0.0
100.0
0.0
0.0
0.0
0.0
0.5
99.5
0.0
0.0
2.0
0.5
0.0
97.5
0.0
11.0
0.5
0.0
88.5
0.0
5.0
76.0
0.0
19.0
0.0
3.0
91.5
0.0
5.5
0.0
1.5
98.5
0.0
0.0
0.0
2.0
0.0
98.0
0.0
0.0
2.0
0.25
0.0
97.5
0.25
2.25
0.0
0.0
0.0
97.75
5.25
74.0
0.0
20.75
0.0
3.25
90.0
0.0
6.75
0.0
SAMKNN 10000 10 2 2 uniform maxACCApprox 8000 400 800
1.5
98.5
0.0
0.0
0.0
2.0
0.0
98.0
0.0
0.0
9.5
90.5
0.0
0.0
0.0
100.0
0.0
0.0
0.0
0.0
6.5
93.5
0.0
0.0
0.0
4.25
95.75
0.0
0.0
0.0
0.0
100.0
0.0
0.0
0.0
0.0
0.5
99.5
0.0
0.0
1.5
0.75
0.0
97.75
0.0
4.75
0.5
0.0
94.75
0.0
4.0
76.25
0.0
19.75
0.0
1.5
92.75
0.0
5.75
0.0
0.0
100.0
0.0
0.0
0.0
0.0
0.5
99.5
0.0
0.0
0.75
0.5
0.0
98.25
0.5
1.0
0.5
0.0
0.0
98.5
4.0
74.5
0.0
21.5
0.0
1.25
90.25
0.0
8.5
0.0
SAMKNN 10000 20 2 2 uniform maxACCApprox 8000 400 800
1.0
99.0
0.0
0.0
0.0
1.5
0.0
98.5
0.0
0.0
3.5000000000000004
96.5
0.0
0.0
0.0
3.25
96.75
0.0
0.0
0.0
5.25
94.75
0.0
0.0
0.0
2.75
97.25
0.0
0.0
0.0
0.0
100.0
0.0
0.0
0.0
0.0
0.5
99.5
0.0
0.0
0.75
0.75
0.0
98.5
0.0
2.75
1.5
0.0
95.75
0.0
0.75
80.25
0.0
19.0
0.0
0.75
92.0
0.0
7.249999999999999
0.0
0.0
100.0
0.0
0.0
0.0
0.0
0.5
99.5
0.0
0.0
0.25
0.5
0.0
98.75
0.5
0.5
0.5
0.0
0.0
99.0
0.75
75.0
0.0
24.25
0.0
0.25
90.5
0.0
9.25
0.0
SAMKNN 10000 1 5 2 uniform maxACCApprox 8000 400 800
5.5
94.5
0.0
0.0
0.0
5.75
0.0
94.25
0.0
0.0
91.75
8.25
0.0
0.0
0.0
100.0
0.0
0.0
0.0
0.0
31.5
68.5
0.0
0.0
0.0
17.25
82.75
0.0
0.0
0.0
1.0
99.0
0.0
0.0
0.0
1.25
0.5
98.25
0.0
0.0
10.5
0.25
0.0
89.25
0.0
99.5
0.5
0.0
0.0
0.0
30.0
70.0
0.0
0.0
0.0
16.75
83.25
0.0
0.0
0.0
1.0
99.0
0.0
0.0
0.0
1.25
0.5
98.25
0.0
0.0
5.5
0.25
0.0
94.25
0.0
8.25
0.5
0.0
0.0
91.25
27.750000000000004
65.5
0.0
6.75
0.0
15.75
83.25
0.0
1.0
0.0
SAMKNN 10000 2 5 2 uniform maxACCApprox 8000 400 800
4.5
95.5
0.0
0.0
0.0
3.75
0.0
96.25
0.0
0.0
67.0
33.0
0.0
0.0
0.0
100.0
0.0
0.0
0.0
0.0
14.75
85.25
0.0
0.0
0.0
12.25
87.75
0.0
0.0
0.0
1.0
99.0
0.0
0.0
0.0
0.75
0.5
98.75
0.0
0.0
5.75
0.25
0.0
94.0
0.0
99.5
0.5
0.0
0.0
0.0
13.750000000000002
85.5
0.0
0.75
0.0
11.5
88.25
0.0
0.25
0.0
1.0
99.0
0.0
0.0
0.0
0.75
0.5
98.75
0.0
0.0
3.5000000000000004
0.25
0.0
96.25
0.0
7.000000000000001
0.5
0.0
0.0
92.5
13.750000000000002
76.0
0.0
10.25
0.0
11.5
87.5
0.0
1.0
0.0
SAMKNN 10000 5 5 2 uniform maxACCApprox 8000 400 800
3.0
97.0
0.0
0.0
0.0
2.5
0.0
97.5
0.0
0.0
39.5
60.5
0.0
0.0
0.0
100.0
0.0
0.0
0.0
0.0
10.5
89.5
0.0
0.0
0.0
6.75
93.25
0.0
0.0
0.0
3.0
97.0
0.0
0.0
0.0
2.5
0.0
97.5
0.0
0.0
3.5000000000000004
0.5
0.0
96.0
0.0
13.5
0.0
0.0
86.5
0.0
9.5
88.5
0.0
2.0
0.0
6.5
93.0
0.0
0.5
0.0
3.0
97.0
0.0
0.0
0.0
2.5
0.0
97.5
0.0
0.0
2.25
0.25
0.0
97.5
0.0
3.5000000000000004
0.0
0.0
0.0
96.5
5.5
77.5
0.0
17.0
0.0
3.5000000000000004
89.75
0.0
6.75
0.0
SAMKNN 10000 10 5 2 uniform maxACCApprox 8000 400 800
2.5
97.5
0.0
0.0
0.0
2.5
0.0
97.5
0.0
0.0
10.75
89.25
0.0
0.0
0.0
100.0
0.0
0.0
0.0
0.0
6.75
93.25
0.0
0.0
0.0
4.5
95.5
0.0
0.0
0.0
0.0
100.0
0.0
0.0
0.0
0.0
0.5
99.5
0.0
0.0
1.7500000000000002
0.75
0.0
97.5
0.0
5.5
0.5
0.0
94.0
0.0
4.5
83.25
0.0
12.25
0.0
2.25
92.75
0.0
5.0
0.0
2.5
97.5
0.0
0.0
0.0
2.5
0.0
97.5
0.0
0.0
1.7500000000000002
0.5
0.0
97.75
0.0
2.5
0.0
0.0
0.0
97.5
4.75
79.5
0.0
15.75
0.0
2.25
90.0
0.0
7.75
0.0
SAMKNN 10000 20 5 2 uniform maxACCApprox 8000 400 800
2.0
98.0
0.0
0.0
0.0
2.0
0.0
98.0
0.0
0.0
4.0
96.0
0.0
0.0
0.0
4.75
95.25
0.0
0.0
0.0
5.75
94.25
0.0
0.0
0.0
3.25
96.75
0.0
0.0
0.0
0.0
100.0
0.0
0.0
0.0
0.0
0.5
99.5
0.0
0.0
1.7500000000000002
0.75
0.0
97.5
0.0
3.0
1.7500000000000002
0.0
95.25
0.0
4.0
89.25
0.0
6.75
0.0
1.5
94.25
0.0
4.25
0.0
0.0
100.0
0.0
0.0
0.0
0.0
0.5
99.5
0.0
0.0
1.25
0.75
0.0
97.75
0.25
1.0
0.5
0.0
0.0
98.5
4.0
78.25
0.0
17.75
0.0
1.25
90.5
0.0
8.25
0.0
SAMKNN 10000 1 2 5 distance maxACC 8000 400 800
1.0
99.0
0.0
0.0
0.0
1.0
0.5
98.5
0.0
0.0
91.0
9.0
0.0
0.0
0.0
99.5
0.5
0.0
0.0
0.0
29.75
70.25
0.0
0.0
0.0
16.5
83.5
0.0
0.0
0.0
1.7500000000000002
98.25
0.0
0.0
0.0
1.0
0.5
98.5
0.0
0.0
13.0
0.25
0.0
86.75
0.0
99.5
0.5
0.0
0.0
0.0
29.25
70.0
0.0
0.75
0.0
16.25
83.5
0.0
0.25
0.0
0.0
96.75
0.0
0.0
3.25
0.0
0.0
98.0
0.0
2.0
0.0
0.0
0.0
93.0
7.000000000000001
0.0
0.0
0.0
0.0
100.0
0.0
64.0
0.0
8.75
27.250000000000004
0.0
83.0
0.0
1.25
15.75
SAMKNN 10000 2 2 5 distance maxACC 8000 400 800
1.0
99.0
0.0
0.0
0.0
0.5
0.5
99.0
0.0
0.0
66.5
33.5
0.0
0.0
0.0
99.5
0.5
0.0
0.0
0.0
14.499999999999998
85.5
0.0
0.0
0.0
11.0
89.0
0.0
0.0
0.0
2.0
98.0
0.0
0.0
0.0
0.25
0.5
99.25
0.0
0.0
6.5
0.25
0.0
93.25
0.0
98.25
0.5
0.0
1.25
0.0
13.5
73.75
0.0
12.75
0.0
11.0
88.0
0.0
1.0
0.0
4.0
96.0
0.0
0.0
0.0
2.25
0.0
97.75
0.0
0.0
5.0
0.0
0.0
95.0
0.0
6.0
0.0
0.0
0.0
94.0
12.75
71.0
0.0
16.25
0.0
11.25
87.0
0.0
1.7500000000000002
0.0
SAMKNN 10000 5 2 5 distance maxACC 8000 400 800
0.5
99.5
0.0
0.0
0.0
0.0
0.5
99.5
0.0
0.0
39.25
60.75000000000001
0.0
0.0
0.0
99.5
0.5
0.0
0.0
0.0
9.0
91.0
0.0
0.0
0.0
5.75
94.25
0.0
0.0
0.0
1.0
99.0
0.0
0.0
0.0
0.0
0.5
99.5
0.0
0.0
3.75
0.5
0.0
95.75
0.0
11.5
0.5
0.0
88.0
0.0
7.000000000000001
75.75
0.0
17.25
0.0
5.0
90.75
0.0
4.25
0.0
3.0
97.0
0.0
0.0
0.0
2.0
0.0
98.0
0.0
0.0
3.5000000000000004
0.25
0.0
96.0
0.25
5.25
0.0
0.0
0.0
94.75
6.75
73.5
0.0
19.75
0.0
4.75
89.5
0.0
5.75
0.0
SAMKNN 10000 10 2 5 distance maxACC 8000 400 800
0.5
99.5
0.0
0.0
0.0
0.0
0.5
99.5
0.0
0.0
9.25
90.75
0.0
0.0
0.0
99.5
0.5
0.0
0.0
0.0
6.0
94.0
0.0
0.0
0.0
3.75
96.25
0.0
0.0
0.0
2.0
98.0
0.0
0.0
0.0
0.0
0.5
99.5
0.0
0.0
2.75
0.75
0.0
96.5
0.0
5.25
0.5
0.0
94.25
0.0
5.5
76.0
0.0
18.5
0.0
3.25
91.0
0.0
5.75
0.0
3.0
97.0
0.0
0.0
0.0
2.0
0.0
98.0
0.0
0.0
2.25
0.25
0.0
97.0
0.5
3.25
0.0
0.0
0.0
96.75
5.75
73.25
0.0
21.0
0.0
3.25
89.25
0.0
7.5
0.0
SAMKNN 10000 20 2 5 distance maxACC 8000 400 800
1.0
99.0
0.0
0.0
0.0
1.5
0.0
98.5
0.0
0.0
3.5000000000000004
96.5
0.0
0.0
0.0
3.5000000000000004
96.5
0.0
0.0
0.0
5.25
94.75
0.0
0.0
0.0
2.75
97.25
0.0
0.0
0.0
1.5
98.5
0.0
0.0
0.0
0.0
0.5
99.5
0.0
0.0
1.5
0.75
0.0
97.75
0.0
3.25
1.25
0.0
95.5
0.0
2.75
76.0
0.0
21.25
0.0
2.0
91.25
0.0
6.75
0.0
2.5
97.5
0.0
0.0
0.0
2.0
0.0
98.0
0.0
0.0
1.7500000000000002
0.25
0.0
97.5
0.5
2.5
0.0
0.0
0.0
97.5
3.5000000000000004
73.25
0.0
23.25
0.0
2.25
89.5
0.0
8.25
0.0
SAMKNN 10000 1 5 5 distance maxACC 8000 400 800
5.25
94.75
0.0
0.0
0.0
5.25
0.0
94.75
0.0
0.0
91.25
8.75
0.0
0.0
0.0
100.0
0.0
0.0
0.0
0.0
31.5
68.5
0.0
0.0
0.0
17.0
83.0
0.0
0.0
0.0
5.0
95.0
0.0
0.0
0.0
4.0
0.0
96.0
0.0
0.0
11.25
0.0
0.0
88.75
0.0
100.0
0.0
0.0
0.0
0.0
29.75
64.0
0.0
6.25
0.0
16.5
83.0
0.0
0.5
0.0
5.0
95.0
0.0
0.0
0.0
4.5
0.0
95.5
0.0
0.0
8.25
0.0
0.0
91.75
0.0
10.25
0.0
0.0
0.0
89.75
28.749999999999996
64.0
0.0
7.249999999999999
0.0
16.0
83.0
0.0
1.0
0.0
SAMKNN 10000 2 5 5 distance maxACC 8000 400 800
4.5
95.5
0.0
0.0
0.0
3.75
0.0
96.25
0.0
0.0
67.0
33.0
0.0
0.0
0.0
100.0
0.0
0.0
0.0
0.0
15.0
85.0
0.0
0.0
0.0
12.25
87.75
0.0
0.0
0.0
4.5
95.5
0.0
0.0
0.0
2.75
0.0
97.25
0.0
0.0
9.75
0.0
0.0
90.25
0.0
99.5
0.0
0.0
0.5
0.0
14.249999999999998
78.5
0.0
7.249999999999999
0.0
12.0
87.0
0.0
1.0
0.0
4.5
95.5
0.0
0.0
0.0
3.25
0.0
96.75
0.0
0.0
7.000000000000001
0.0
0.0
93.0
0.0
8.75
0.0
0.0
0.0
91.25
14.000000000000002
74.75
0.0
11.25
0.0
12.0
87.0
0.0
1.0
0.0
SAMKNN 10000 5 5 5 distance maxACC 8000 400 800
3.0
97.0
0.0
0.0
0.0
2.5
0.0
97.5
0.0
0.0
39.5
60.5
0.0
0.0
0.0
100.0
0.0
0.0
0.0
0.0
10.5
89.5
0.0
0.0
0.0
6.75
93.25
0.0
0.0
0.0
3.0
97.0
0.0
0.0
0.0
2.0
0.0
98.0
0.0
0.0
6.0
0.25
0.0
93.75
0.0
13.0
0.0
0.0
87.0
0.0
8.5
81.75
0.0
9.75
0.0
6.5
90.0
0.0
3.5000000000000004
0.0
3.0
97.0
0.0
0.0
0.0
2.5
0.0
97.5
0.0
0.0
4.25
0.25
0.0
95.5
0.0
6.0
0.0
0.0
0.0
94.0
7.5
77.0
0.0
15.5
0.0
5.5
89.75
0.0
4.75
0.0
SAMKNN 10000 10 5 5 distance maxACC 8000 400 800
2.5
97.5
0.0
0.0
0.0
2.5
0.0
97.5
0.0
0.0
10.75
89.25
0.0
0.0
0.0
100.0
0.0
0.0
0.0
0.0
6.75
93.25
0.0
0.0
0.0
4.5
95.5
0.0
0.0
0.0
3.0
97.0
0.0
0.0
0.0
1.5
0.0
98.5
0.0
0.0
4.0
0.5
0.0
95.5
0.0
6.25
0.0
0.0
93.75
0.0
6.5
83.5
0.0
10.0
0.0
4.25
92.0
0.0
3.75
0.0
3.0
97.0
0.0
0.0
0.0
2.5
0.0
97.5
0.0
0.0
3.25
0.5
0.0
96.0
0.25
4.25
0.0
0.0
0.0
95.75
6.25
77.25
0.0
16.5
0.0
4.0
90.0
0.0
6.0
0.0
SAMKNN 10000 20 5 5 distance maxACC 8000 400 800
2.0
98.0
0.0
0.0
0.0
2.0
0.0
98.0
0.0
0.0
4.0
96.0
0.0
0.0
0.0
4.75
95.25
0.0
0.0
0.0
5.75
94.25
0.0
0.0
0.0
3.25
96.75
0.0
0.0
0.0
2.5
97.5
0.0
0.0
0.0
1.0
0.0
99.0
0.0
0.0
3.0
0.5
0.0
96.5
0.0
4.0
0.75
0.0
95.25
0.0
5.75
83.5
0.0
10.75
0.0
3.25
92.25
0.0
4.5
0.0
2.5
97.5
0.0
0.0
0.0
2.0
0.0
98.0
0.0
0.0
2.5
0.5
0.0
96.75
0.25
2.5
0.0
0.0
0.0
97.5
5.25
77.25
0.0
17.5
0.0
2.75
90.25
0.0
7.000000000000001
0.0
SAMKNN 10000 1 2 5 distance maxACCApprox 8000 400 800
0.5
99.5
0.0
0.0
0.0
1.0
0.5
98.5
0.0
0.0
91.0
9.0
0.0
0.0
0.0
99.5
0.5
0.0
0.0
0.0
29.75
70.25
0.0
0.0
0.0
16.5
83.5
0.0
0.0
0.0
1.7500000000000002
98.25
0.0
0.0
0.0
1.0
0.5
98.5
0.0
0.0
51.74999999999999
0.25
0.0
48.0
0.0
99.5
0.5
0.0
0.0
0.0
29.75
70.25
0.0
0.0
0.0
16.5
83.5
0.0
0.0
0.0
3.25
96.75
0.0
0.0
0.0
2.0
0.0
98.0
0.0
0.0
7.249999999999999
0.0
0.0
92.75
0.0
23.5
0.0
0.0
0.0
76.5
27.250000000000004
64.0
0.0
8.75
0.0
15.75
83.0
0.0
1.25
0.0
SAMKNN 10000 2 2 5 distance maxACCApprox 8000 400 800
1.0
99.0
0.0
0.0
0.0
0.5
0.5
99.0
0.0
0.0
66.5
33.5
0.0
0.0
0.0
99.5
0.5
0.0
0.0
0.0
13.750000000000002
86.25
0.0
0.0
0.0
11.0
89.0
0.0
0.0
0.0
2.5
97.5
0.0
0.0
0.0
0.25
0.5
99.25
0.0
0.0
8.5
0.25
0.0
91.25
0.0
98.25
0.5
0.0
1.25
0.0
13.5
73.0
0.0
13.5
0.0
11.0
88.0
0.0
1.0
0.0
3.5000000000000004
96.5
0.0
0.0
0.0
2.25
0.0
97.75
0.0
0.0
5.0
0.0
0.0
95.0
0.0
5.5
0.0
0.0
0.0
94.5
12.75
71.0
0.0
16.25
0.0
11.25
87.0
0.0
1.7500000000000002
0.0
SAMKNN 10000 5 2 5 distance maxACCApprox 8000 400 800
0.5
99.5
0.0
0.0
0.0
0.0
0.5
99.5
0.0
0.0
39.25
60.75000000000001
0.0
0.0
0.0
99.5
0.5
0.0
0.0
0.0
9.0
91.0
0.0
0.0
0.0
5.75
94.25
0.0
0.0
0.0
1.0
99.0
0.0
0.0
0.0
0.0
0.5
99.5
0.0
0.0
6.25
0.5
0.0
93.25
0.0
12.0
0.5
0.0
87.5
0.0
7.75
75.75
0.0
16.5
0.0
5.75
91.0
0.0
3.25
0.0
2.0
98.0
0.0
0.0
0.0
2.0
0.0
98.0
0.0
0.0
3.5000000000000004
0.25
0.0
96.0
0.25
4.75
0.0
0.0
0.0
95.25
6.75
73.5
0.0
19.75
0.0
4.75
89.5
0.0
5.75
0.0
SAMKNN 10000 10 2 5 distance maxACCApprox 8000 400 800
0.5
99.5
0.0
0.0
0.0
0.0
0.5
99.5
0.0
0.0
9.25
90.75
0.0
0.0
0.0
99.5
0.5
0.0
0.0
0.0
6.0
94.0
0.0
0.0
0.0
3.75
96.25
0.0
0.0
0.0
2.0
98.0
0.0
0.0
0.0
0.0
0.5
99.5
0.0
0.0
4.75
0.75
0.0
94.5
0.0
5.25
0.5
0.0
94.25
0.0
6.5
77.0
0.0
16.5
0.0
4.25
92.25
0.0
3.5000000000000004
0.0
3.0
97.0
0.0
0.0
0.0
2.0
0.0
98.0
0.0
0.0
2.25
0.25
0.0
97.0
0.5
3.25
0.0
0.0
0.0
96.75
5.75
73.25
0.0
21.0
0.0
3.25
89.25
0.0
7.5
0.0
SAMKNN 10000 20 2 5 distance maxACCApprox 8000 400 800
1.0
99.0
0.0
0.0
0.0
1.5
0.0
98.5
0.0
0.0
3.5000000000000004
96.5
0.0
0.0
0.0
3.5000000000000004
96.5
0.0
0.0
0.0
5.25
94.75
0.0
0.0
0.0
2.75
97.25
0.0
0.0
0.0
1.5
98.5
0.0
0.0
0.0
0.0
0.5
99.5
0.0
0.0
3.5000000000000004
0.75
0.0
95.75
0.0
3.25
1.25
0.0
95.5
0.0
4.0
77.5
0.0
18.5
0.0
3.25
93.0
0.0
3.75
0.0
2.5
97.5
0.0
0.0
0.0
2.0
0.0
98.0
0.0
0.0
2.0
0.25
0.0
97.25
0.5
2.5
0.0
0.0
0.0
97.5
3.5000000000000004
72.5
0.0
24.0
0.0
2.25
89.5
0.0
8.25
0.0
SAMKNN 10000 1 5 5 distance maxACCApprox 8000 400 800
5.25
94.75
0.0
0.0
0.0
5.25
0.0
94.75
0.0
0.0
91.25
8.75
0.0
0.0
0.0
100.0
0.0
0.0
0.0
0.0
31.5
68.5
0.0
0.0
0.0
17.0
83.0
0.0
0.0
0.0
5.25
94.75
0.0
0.0
0.0
4.5
0.0
95.5
0.0
0.0
11.75
0.0
0.0
88.25
0.0
100.0
0.0
0.0
0.0
0.0
29.75
64.25
0.0
6.0
0.0
16.5
83.0
0.0
0.5
0.0
5.5
94.5
0.0
0.0
0.0
4.5
0.0
95.5
0.0
0.0
8.25
0.0
0.0
91.75
0.0
10.25
0.0
0.0
0.0
89.75
28.749999999999996
64.0
0.0
7.249999999999999
0.0
16.0
83.0
0.0
1.0
0.0
SAMKNN 10000 2 5 5 distance maxACCApprox 8000 400 800
1.0
99.0
0.0
0.0
0.0
0.5
0.5
99.0
0.0
0.0
66.75
33.25
0.0
0.0
0.0
99.5
0.5
0.0
0.0
0.0
13.750000000000002
86.25
0.0
0.0
0.0
11.5
88.5
0.0
0.0
0.0
4.5
95.5
0.0
0.0
0.0
3.75
0.0
96.25
0.0
0.0
10.0
0.0
0.0
90.0
0.0
100.0
0.0
0.0
0.0
0.0
14.75
78.25
0.0
7.000000000000001
0.0
12.25
86.75
0.0
1.0
0.0
4.75
95.25
0.0
0.0
0.0
4.25
0.0
95.75
0.0
0.0
7.249999999999999
0.0
0.0
92.75
0.0
8.25
0.0
0.0
0.0
91.75
14.499999999999998
74.25
0.0
11.25
0.0
12.25
86.75
0.0
1.0
0.0
SAMKNN 10000 5 5 5 distance maxACCApprox 8000 400 800
0.5
99.5
0.0
0.0
0.0
0.0
0.5
99.5
0.0
0.0
39.25
60.75000000000001
0.0
0.0
0.0
99.5
0.5
0.0
0.0
0.0
9.5
90.5
0.0
0.0
0.0
6.0
94.0
0.0
0.0
0.0
1.0
99.0
0.0
0.0
0.0
0.0
0.5
99.5
0.0
0.0
6.25
0.5
0.0
93.25
0.0
12.5
0.5
0.0
87.0
0.0
8.0
81.5
0.0
10.5
0.0
6.0
90.75
0.0
3.25
0.0
3.25
96.75
0.0
0.0
0.0
3.0
0.0
97.0
0.0
0.0
5.0
0.25
0.0
94.75
0.0
6.0
0.0
0.0
0.0
94.0
8.75
76.75
0.0
14.499999999999998
0.0
6.75
89.5
0.0
3.75
0.0
SAMKNN 10000 10 5 5 distance maxACCApprox 8000 400 800
0.5
99.5
0.0
0.0
0.0
0.0
0.5
99.5
0.0
0.0
9.5
90.5
0.0
0.0
0.0
99.5
0.5
0.0
0.0
0.0
6.0
94.0
0.0
0.0
0.0
3.75
96.25
0.0
0.0
0.0
0.5
99.5
0.0
0.0
0.0
0.0
0.5
99.5
0.0
0.0
5.0
0.75
0.0
94.25
0.0
6.0
0.5
0.0
93.5
0.0
6.25
83.25
0.0
10.5
0.0
4.0
92.5
0.0
3.5000000000000004
0.0
2.5
97.5
0.0
0.0
0.0
2.5
0.0
97.5
0.0
0.0
3.75
0.5
0.0
95.5
0.25
4.25
0.0
0.0
0.0
95.75
6.5
79.75
0.0
13.750000000000002
0.0
4.25
90.25
0.0
5.5
0.0
SAMKNN 10000 20 5 5 distance maxACCApprox 8000 400 800
0.5
99.5
0.0
0.0
0.0
0.0
0.5
99.5
0.0
0.0
3.25
96.75
0.0
0.0
0.0
3.25
96.75
0.0
0.0
0.0
5.0
95.0
0.0
0.0
0.0
2.5
97.5
0.0
0.0
0.0
0.5
99.5
0.0
0.0
0.0
0.0
0.5
99.5
0.0
0.0
3.25
1.25
0.0
95.5
0.0
3.0
2.25
0.0
94.75
0.0
5.0
85.75
0.0
9.25
0.0
2.5
94.0
0.0
3.5000000000000004
0.0
2.0
98.0
0.0
0.0
0.0
2.0
0.0
98.0
0.0
0.0
3.0
0.5
0.0
96.25
0.25
2.5
0.0
0.0
0.0
97.5
5.75
79.75
0.0
14.499999999999998
0.0
3.25
90.5
0.0
6.25
0.0
SAMKNN 10000 1 2 5 uniform maxACC 8000 400 800
1.0
99.0
0.0
0.0
0.0
1.0
0.5
98.5
0.0
0.0
91.0
9.0
0.0
0.0
0.0
99.5
0.5
0.0
0.0
0.0
29.75
70.25
0.0
0.0
0.0
16.5
83.5
0.0
0.0
0.0
1.7500000000000002
98.25
0.0
0.0
0.0
1.0
0.5
98.5
0.0
0.0
13.0
0.25
0.0
86.75
0.0
99.5
0.5
0.0
0.0
0.0
29.25
70.0
0.0
0.75
0.0
16.25
83.5
0.0
0.25
0.0
0.0
96.75
0.0
0.0
3.25
0.0
0.0
98.5
0.0
1.5
0.0
0.0
0.0
93.0
7.000000000000001
0.0
0.0
0.0
0.0
100.0
0.0
64.0
0.0
8.75
27.250000000000004
0.0
83.0
0.0
1.25
15.75
SAMKNN 10000 2 2 5 uniform maxACC 8000 400 800
0.25
99.75
0.0
0.0
0.0
0.5
0.5
99.0
0.0
0.0
66.5
33.5
0.0
0.0
0.0
99.5
0.5
0.0
0.0
0.0
13.750000000000002
86.25
0.0
0.0
0.0
11.0
89.0
0.0
0.0
0.0
1.7500000000000002
98.25
0.0
0.0
0.0
0.25
0.5
99.25
0.0
0.0
6.5
0.25
0.0
93.25
0.0
98.0
0.5
0.0
1.5
0.0
13.5
73.0
0.0
13.5
0.0
11.0
88.0
0.0
1.0
0.0
3.0
97.0
0.0
0.0
0.0
0.75
0.0
99.25
0.0
0.0
5.0
0.0
0.0
95.0
0.0
5.75
0.0
0.0
0.0
94.25
13.750000000000002
70.0
0.0
16.25
0.0
11.5
86.75
0.0
1.7500000000000002
0.0
SAMKNN 10000 5 2 5 uniform maxACC 8000 400 800
0.0
100.0
0.0
0.0
0.0
0.0
0.5
99.5
0.0
0.0
39.25
60.75000000000001
0.0
0.0
0.0
99.5
0.5
0.0
0.0
0.0
9.0
91.0
0.0
0.0
0.0
5.75
94.25
0.0
0.0
0.0
1.0
99.0
0.0
0.0
0.0
0.0
0.5
99.5
0.0
0.0
3.75
0.5
0.0
95.75
0.0
11.5
0.5
0.0
88.0
0.0
7.000000000000001
75.75
0.0
17.25
0.0
5.0
91.0
0.0
4.0
0.0
2.0
98.0
0.0
0.0
0.0
0.5
0.0
99.5
0.0
0.0
3.75
0.0
0.0
96.0
0.25
5.0
0.0
0.0
0.0
95.0
6.5
73.5
0.0
20.0
0.0
4.5
89.5
0.0
6.0
0.0
SAMKNN 10000 10 2 5 uniform maxACC 8000 400 800
0.0
100.0
0.0
0.0
0.0
0.0
0.5
99.5
0.0
0.0
9.25
90.75
0.0
0.0
0.0
99.5
0.5
0.0
0.0
0.0
6.0
94.0
0.0
0.0
0.0
3.75
96.25
0.0
0.0
0.0
0.5
99.5
0.0
0.0
0.0
0.0
0.5
99.5
0.0
0.0
2.75
0.75
0.0
96.5
0.0
5.25
0.5
0.0
94.25
0.0
5.5
76.0
0.0
18.5
0.0
3.25
90.75
0.0
6.0
0.0
2.0
98.0
0.0
0.0
0.0
2.5
0.0
97.5
0.0
0.0
3.0
0.25
0.0
96.5
0.25
3.75
0.0
0.0
0.0
96.25
5.75
75.0
0.0
19.25
0.0
3.5000000000000004
90.0
0.0
6.5
0.0
SAMKNN 10000 20 2 5 uniform maxACC 8000 400 800
0.0
100.0
0.0
0.0
0.0
0.0
0.5
99.5
0.0
0.0
3.25
96.75
0.0
0.0
0.0
2.75
97.25
0.0
0.0
0.0
5.0
95.0
0.0
0.0
0.0
2.5
97.5
0.0
0.0
0.0
0.5
99.5
0.0
0.0
0.0
0.0
0.5
99.5
0.0
0.0
1.7500000000000002
0.75
0.0
97.5
0.0
2.75
2.25
0.0
95.0
0.0
4.5
76.0
0.0
19.5
0.0
2.0
91.25
0.0
6.75
0.0
1.5
98.5
0.0
0.0
0.0
2.0
0.0
98.0
0.0
0.0
1.7500000000000002
0.25
0.0
97.5
0.5
2.5
0.5
0.0
0.0
97.0
4.25
75.5
0.0
20.25
0.0
1.7500000000000002
90.75
0.0
7.5
0.0
SAMKNN 10000 1 5 5 uniform maxACC 8000 400 800
1.25
98.75
0.0
0.0
0.0
1.25
0.5
98.25
0.0
0.0
91.0
9.0
0.0
0.0
0.0
99.5
0.5
0.0
0.0
0.0
30.0
70.0
0.0
0.0
0.0
16.75
83.25
0.0
0.0
0.0
2.25
97.75
0.0
0.0
0.0
1.25
0.5
98.25
0.0
0.0
11.25
0.25
0.0
88.5
0.0
99.5
0.5
0.0
0.0
0.0
28.249999999999996
65.5
0.0
6.25
0.0
16.25
83.25
0.0
0.5
0.0
5.5
94.5
0.0
0.0
0.0
5.25
0.0
94.75
0.0
0.0
8.5
0.0
0.0
91.5
0.0
10.25
0.0
0.0
0.0
89.75
28.749999999999996
64.0
0.0
7.249999999999999
0.0
16.0
83.0
0.0
1.0
0.0
SAMKNN 10000 2 5 5 uniform maxACC 8000 400 800
1.0
99.0
0.0
0.0
0.0
0.5
0.5
99.0
0.0
0.0
66.75
33.25
0.0
0.0
0.0
99.5
0.5
0.0
0.0
0.0
14.000000000000002
86.0
0.0
0.0
0.0
11.5
88.5
0.0
0.0
0.0
2.0
98.0
0.0
0.0
0.0
0.5
0.5
99.0
0.0
0.0
9.5
0.25
0.0
90.25
0.0
98.5
0.5
0.0
1.0
0.0
13.750000000000002
79.75
0.0
6.5
0.0
11.5
87.5
0.0
1.0
0.0
5.0
95.0
0.0
0.0
0.0
3.75
0.0
96.25
0.0
0.0
6.5
0.0
0.0
93.5
0.0
8.75
0.0
0.0
0.0
91.25
16.25
75.0
0.0
8.75
0.0
12.25
86.75
0.0
1.0
0.0
SAMKNN 10000 5 5 5 uniform maxACC 8000 400 800
0.0
100.0
0.0
0.0
0.0
0.0
0.5
99.5
0.0
0.0
39.25
60.75000000000001
0.0
0.0
0.0
99.5
0.5
0.0
0.0
0.0
9.25
90.75
0.0
0.0
0.0
6.0
94.0
0.0
0.0
0.0
1.0
99.0
0.0
0.0
0.0
0.0
0.5
99.5
0.0
0.0
5.75
0.5
0.0
93.75
0.0
12.5
0.5
0.0
87.0
0.0
8.0
82.25
0.0
9.75
0.0
6.0
90.75
0.0
3.25
0.0
3.0
97.0
0.0
0.0
0.0
2.5
0.0
97.5
0.0
0.0
4.75
0.0
0.0
95.25
0.0
5.75
0.0
0.0
0.0
94.25
7.249999999999999
79.5
0.0
13.25
0.0
5.5
89.75
0.0
4.75
0.0
SAMKNN 10000 10 5 5 uniform maxACC 8000 400 800
0.0
100.0
0.0
0.0
0.0
0.0
0.5
99.5
0.0
0.0
9.5
90.5
0.0
0.0
0.0
99.5
0.5
0.0
0.0
0.0
6.0
94.0
0.0
0.0
0.0
3.75
96.25
0.0
0.0
0.0
0.5
99.5
0.0
0.0
0.0
0.0
0.5
99.5
0.0
0.0
3.75
0.75
0.0
95.5
0.0
5.75
0.5
0.0
93.75
0.0
6.0
84.5
0.0
9.5
0.0
3.75
92.75
0.0
3.5000000000000004
0.0
2.5
97.5
0.0
0.0
0.0
2.5
0.0
97.5
0.0
0.0
3.0
0.5
0.0
96.5
0.0
4.0
0.0
0.0
0.0
96.0
6.25
79.75
0.0
14.000000000000002
0.0
4.0
90.25
0.0
5.75
0.0
SAMKNN 10000 20 5 5 uniform maxACC 8000 400 800
0.0
100.0
0.0
0.0
0.0
0.0
0.5
99.5
0.0
0.0
3.25
96.75
0.0
0.0
0.0
3.0
97.0
0.0
0.0
0.0
5.0
95.0
0.0
0.0
0.0
2.5
97.5
0.0
0.0
0.0
0.5
99.5
0.0
0.0
0.0
0.0
0.5
99.5
0.0
0.0
2.75
0.75
0.0
96.5
0.0
3.0
2.25
0.0
94.75
0.0
5.0
85.25
0.0
9.75
0.0
2.5
94.0
0.0
3.5000000000000004
0.0
2.0
98.0
0.0
0.0
0.0
2.0
0.0
98.0
0.0
0.0
2.5
0.5
0.0
97.0
0.0
3.25
0.0
0.0
0.0
96.75
5.0
79.75
0.0
15.25
0.0
2.5
90.5
0.0
7.000000000000001
0.0
SAMKNN 10000 1 2 5 uniform maxACCApprox 8000 400 800
1.0
99.0
0.0
0.0
0.0
1.0
0.5
98.5
0.0
0.0
91.0
9.0
0.0
0.0
0.0
99.5
0.5
0.0
0.0
0.0
29.75
70.25
0.0
0.0
0.0
16.5
83.5
0.0
0.0
0.0
1.7500000000000002
98.25
0.0
0.0
0.0
1.0
0.5
98.5
0.0
0.0
52.75
0.25
0.0
47.0
0.0
99.5
0.5
0.0
0.0
0.0
29.75
70.25
0.0
0.0
0.0
16.5
83.5
0.0
0.0
0.0
3.25
96.75
0.0
0.0
0.0
1.5
0.0
98.5
0.0
0.0
7.000000000000001
0.0
0.0
93.0
0.0
23.5
0.0
0.0
0.0
76.5
27.250000000000004
64.0
0.0
8.75
0.0
15.75
83.0
0.0
1.25
0.0
SAMKNN 10000 2 2 5 uniform maxACCApprox 8000 400 800
0.25
99.75
0.0
0.0
0.0
0.5
0.5
99.0
0.0
0.0
66.5
33.5
0.0
0.0
0.0
99.5
0.5
0.0
0.0
0.0
13.750000000000002
86.25
0.0
0.0
0.0
11.0
89.0
0.0
0.0
0.0
1.7500000000000002
98.25
0.0
0.0
0.0
0.25
0.5
99.25
0.0
0.0
8.5
0.25
0.0
91.25
0.0
98.5
0.5
0.0
1.0
0.0
13.5
73.0
0.0
13.5
0.0
11.0
88.0
0.0
1.0
0.0
2.75
97.25
0.0
0.0
0.0
0.75
0.0
99.25
0.0
0.0
4.75
0.0
0.0
95.25
0.0
5.5
0.0
0.0
0.0
94.5
12.75
71.0
0.0
16.25
0.0
11.25
86.75
0.0
2.0
0.0
SAMKNN 10000 5 2 5 uniform maxACCApprox 8000 400 800
0.0
100.0
0.0
0.0
0.0
0.0
0.5
99.5
0.0
0.0
39.25
60.75000000000001
0.0
0.0
0.0
99.5
0.5
0.0
0.0
0.0
9.0
91.0
0.0
0.0
0.0
5.75
94.25
0.0
0.0
0.0
1.0
99.0
0.0
0.0
0.0
0.0
0.5
99.5
0.0
0.0
6.25
0.5
0.0
93.25
0.0
12.0
0.5
0.0
87.5
0.0
7.75
75.75
0.0
16.5
0.0
5.75
90.5
0.0
3.75
0.0
2.0
98.0
0.0
0.0
0.0
0.5
0.0
99.5
0.0
0.0
3.5000000000000004
0.25
0.0
96.0
0.25
4.5
0.0
0.0
0.0
95.5
6.5
73.5
0.0
20.0
0.0
4.5
89.5
0.0
6.0
0.0
SAMKNN 10000 10 2 5 uniform maxACCApprox 8000 400 800
0.0
100.0
0.0
0.0
0.0
0.0
0.5
99.5
0.0
0.0
9.25
90.75
0.0
0.0
0.0
99.5
0.5
0.0
0.0
0.0
6.0
94.0
0.0
0.0
0.0
3.75
96.25
0.0
0.0
0.0
0.5
99.5
0.0
0.0
0.0
0.0
0.5
99.5
0.0
0.0
4.75
0.75
0.0
94.5
0.0
5.25
0.5
0.0
94.25
0.0
6.0
77.5
0.0
16.5
0.0
3.75
92.5
0.0
3.75
0.0
2.0
98.0
0.0
0.0
0.0
2.5
0.0
97.5
0.0
0.0
2.75
0.25
0.0
96.5
0.5
4.0
0.0
0.0
0.0
96.0
5.75
75.0
0.0
19.25
0.0
3.5000000000000004
90.0
0.0
6.5
0.0
SAMKNN 10000 20 2 5 uniform maxACCApprox 8000 400 800
0.0
100.0
0.0
0.0
0.0
0.0
0.5
99.5
0.0
0.0
3.25
96.75
0.0
0.0
0.0
2.75
97.25
0.0
0.0
0.0
5.0
95.0
0.0
0.0
0.0
2.5
97.5
0.0
0.0
0.0
0.5
99.5
0.0
0.0
0.0
0.0
0.5
99.5
0.0
0.0
3.25
1.5
0.0
95.25
0.0
2.75
2.25
0.0
95.0
0.0
5.0
78.5
0.0
16.5
0.0
2.5
93.75
0.0
3.75
0.0
1.5
98.5
0.0
0.0
0.0
2.0
0.0
98.0
0.0
0.0
2.0
0.25
0.0
97.25
0.5
2.75
0.5
0.0
0.0
96.75
4.75
75.5
0.0
19.75
0.0
2.25
90.75
0.0
7.000000000000001
0.0
SAMKNN 10000 1 5 5 uniform maxACCApprox 8000 400 800
1.0
99.0
0.0
0.0
0.0
1.25
0.5
98.25
0.0
0.0
91.0
9.0
0.0
0.0
0.0
99.5
0.5
0.0
0.0
0.0
30.0
70.0
0.0
0.0
0.0
16.75
83.25
0.0
0.0
0.0
2.5
97.5
0.0
0.0
0.0
1.25
0.5
98.25
0.0
0.0
11.5
0.25
0.0
88.25
0.0
99.5
0.5
0.0
0.0
0.0
28.499999999999996
65.75
0.0
5.75
0.0
16.25
83.25
0.0
0.5
0.0
5.75
94.25
0.0
0.0
0.0
5.25
0.0
94.75
0.0
0.0
8.5
0.0
0.0
91.5
0.0
9.75
0.0
0.0
0.0
90.25
28.749999999999996
64.0
0.0
7.249999999999999
0.0
16.0
83.0
0.0
1.0
0.0
SAMKNN 10000 2 5 5 uniform maxACCApprox 8000 400 800
1.0
99.0
0.0
0.0
0.0
0.5
0.5
99.0
0.0
0.0
66.75
33.25
0.0
0.0
0.0
99.5
0.5
0.0
0.0
0.0
13.750000000000002
86.25
0.0
0.0
0.0
11.5
88.5
0.0
0.0
0.0
2.0
98.0
0.0
0.0
0.0
0.5
0.5
99.0
0.0
0.0
9.75
0.25
0.0
90.0
0.0
99.5
0.5
0.0
0.0
0.0
13.750000000000002
80.0
0.0
6.25
0.0
11.5
87.75
0.0
0.75
0.0
4.75
95.25
0.0
0.0
0.0
3.75
0.0
96.25
0.0
0.0
6.75
0.0
0.0
93.25
0.0
8.25
0.0
0.0
0.0
91.75
14.75
76.5
0.0
8.75
0.0
12.25
86.75
0.0
1.0
0.0
SAMKNN 10000 5 5 5 uniform maxACCApprox 8000 400 800
0.0
100.0
0.0
0.0
0.0
0.0
0.5
99.5
0.0
0.0
39.25
60.75000000000001
0.0
0.0
0.0
99.5
0.5
0.0
0.0
0.0
9.25
90.75
0.0
0.0
0.0
6.0
94.0
0.0
0.0
0.0
1.0
99.0
0.0
0.0
0.0
0.0
0.5
99.5
0.0
0.0
6.75
0.5
0.0
92.75
0.0
12.5
0.5
0.0
87.0
0.0
8.0
83.75
0.0
8.25
0.0
6.0
91.0
0.0
3.0
0.0
3.0
97.0
0.0
0.0
0.0
2.5
0.0
97.5
0.0
0.0
4.5
0.25
0.0
95.25
0.0
5.75
0.0
0.0
0.0
94.25
7.249999999999999
79.5
0.0
13.25
0.0
5.25
90.0
0.0
4.75
0.0
SAMKNN 10000 10 5 5 uniform maxACCApprox 8000 400 800
0.0
100.0
0.0
0.0
0.0
0.0
0.5
99.5
0.0
0.0
9.5
90.5
0.0
0.0
0.0
99.5
0.5
0.0
0.0
0.0
6.0
94.0
0.0
0.0
0.0
3.75
96.25
0.0
0.0
0.0
0.5
99.5
0.0
0.0
0.0
0.0
0.5
99.5
0.0
0.0
5.25
0.75
0.0
94.0
0.0
6.25
0.5
0.0
93.25
0.0
6.25
85.5
0.0
8.25
0.0
4.0
92.75
0.0
3.25
0.0
2.5
97.5
0.0
0.0
0.0
2.5
0.0
97.5
0.0
0.0
3.25
0.5
0.0
96.0
0.25
4.0
0.0
0.0
0.0
96.0
6.25
79.75
0.0
14.000000000000002
0.0
4.0
90.25
0.0
5.75
0.0
SAMKNN 10000 20 5 5 uniform maxACCApprox 8000 400 800
0.0
100.0
0.0
0.0
0.0
0.0
0.5
99.5
0.0
0.0
3.25
96.75
0.0
0.0
0.0
3.25
96.75
0.0
0.0
0.0
5.0
95.0
0.0
0.0
0.0
2.5
97.5
0.0
0.0
0.0
0.5
99.5
0.0
0.0
0.0
0.0
0.5
99.5
0.0
0.0
3.25
1.5
0.0
95.25
0.0
3.0
2.25
0.0
94.75
0.0
5.0
86.75
0.0
8.25
0.0
2.5
94.25
0.0
3.25
0.0
2.0
98.0
0.0
0.0
0.0
2.0
0.0
98.0
0.0
0.0
2.75
0.5
0.0
96.5
0.25
3.25
0.0
0.0
0.0
96.75
5.5
79.75
0.0
14.75
0.0
3.0
90.5
0.0
6.5
0.0
