SAMKNN 1000 20 2 2 uniform maxACCApprox None None 80
0.0
100.0
0.0
0.0
0.0
0.0
100.0
0.0
0.0
0.0
0.0
100.0
0.0
0.0
0.0
0.0
100.0
0.0
0.0
0.0
0.0
100.0
0.0
0.0
0.0
0.0
100.0
0.0
0.0
0.0
77.60000000000001
22.400000000000002
0.0
0.0
0.0
77.4
0.0
22.6
0.0
0.0
100.0
0.0
0.0
0.0
0.0
100.0
0.0
0.0
0.0
0.0
100.0
0.0
0.0
0.0
0.0
100.0
0.0
0.0
0.0
0.0
0.0
22.400000000000002
0.0
0.0
77.60000000000001
0.0
0.0
22.6
0.0
77.4
0.0
0.0
0.0
0.0
100.0
0.0
0.0
0.0
0.0
100.0
0.0
0.0
0.0
0.0
100.0
0.0
0.0
0.0
0.0
100.0
SAMKNN 1000 30 2 2 uniform maxACCApprox None None 80
93.60000000000001
6.4
0.0
0.0
0.0
97.8
0.0
2.1999999999999997
0.0
0.0
100.0
0.0
0.0
0.0
0.0
100.0
0.0
0.0
0.0
0.0
100.0
0.0
0.0
0.0
0.0
100.0
0.0
0.0
0.0
0.0
93.60000000000001
6.4
0.0
0.0
0.0
97.8
0.0
2.1999999999999997
0.0
0.0
100.0
0.0
0.0
0.0
0.0
100.0
0.0
0.0
0.0
0.0
100.0
0.0
0.0
0.0
0.0
100.0
0.0
0.0
0.0
0.0
89.0
11.0
0.0
0.0
0.0
89.8
0.0
10.2
0.0
0.0
100.0
0.0
0.0
0.0
0.0
100.0
0.0
0.0
0.0
0.0
100.0
0.0
0.0
0.0
0.0
100.0
0.0
0.0
0.0
0.0
SAMKNN 500 20 2 2 distance maxACC None None 80
100.0
0.0
0.0
0.0
0.0
100.0
0.0
0.0
0.0
0.0
100.0
0.0
0.0
0.0
0.0
100.0
0.0
0.0
0.0
0.0
100.0
0.0
0.0
0.0
0.0
100.0
0.0
0.0
0.0
0.0
0.0
0.0
0.0
100.0
0.0
0.0
0.0
0.0
100.0
0.0
0.0
0.0
0.0
100.0
0.0
0.0
0.0
0.0
100.0
0.0
0.0
0.0
0.0
100.0
0.0
0.0
0.0
0.0
100.0
0.0
0.0
0.2
0.0
0.0
99.8
0.0
0.0
3.2
0.0
96.8
0.0
0.0
0.0
0.0
100.0
0.0
0.0
0.0
0.0
100.0
0.0
0.0
0.0
0.0
100.0
0.0
0.0
0.0
0.0
100.0
SAMKNN 500 10 2 2 distance maxACC None None 80
100.0
0.0
0.0
0.0
0.0
100.0
0.0
0.0
0.0
0.0
100.0
0.0
0.0
0.0
0.0
100.0
0.0
0.0
0.0
0.0
100.0
0.0
0.0
0.0
0.0
100.0
0.0
0.0
0.0
0.0
97.39999999999999
2.6
0.0
0.0
0.0
95.6
0.0
4.3999999999999995
0.0
0.0
100.0
0.0
0.0
0.0
0.0
100.0
0.0
0.0
0.0
0.0
100.0
0.0
0.0
0.0
0.0
100.0
0.0
0.0
0.0
0.0
100.0
0.0
0.0
0.0
0.0
100.0
0.0
0.0
0.0
0.0
100.0
0.0
0.0
0.0
0.0
100.0
0.0
0.0
0.0
0.0
100.0
0.0
0.0
0.0
0.0
100.0
0.0
0.0
0.0
0.0
SAMKNN 500 5 2 2 distance maxACC None None 80
99.2
0.8
0.0
0.0
0.0
98.6
0.0
1.4000000000000001
0.0
0.0
100.0
0.0
0.0
0.0
0.0
100.0
0.0
0.0
0.0
0.0
100.0
0.0
0.0
0.0
0.0
100.0
0.0
0.0
0.0
0.0
99.0
1.0
0.0
0.0
0.0
97.8
0.0
2.1999999999999997
0.0
0.0
100.0
0.0
0.0
0.0
0.0
100.0
0.0
0.0
0.0
0.0
100.0
0.0
0.0
0.0
0.0
100.0
0.0
0.0
0.0
0.0
100.0
0.0
0.0
0.0
0.0
100.0
0.0
0.0
0.0
0.0
100.0
0.0
0.0
0.0
0.0
100.0
0.0
0.0
0.0
0.0
100.0
0.0
0.0
0.0
0.0
100.0
0.0
0.0
0.0
0.0
SAMKNN 500 2 2 2 distance maxACC None None 80
99.0
1.0
0.0
0.0
0.0
99.0
0.0
1.0
0.0
0.0
100.0
0.0
0.0
0.0
0.0
100.0
0.0
0.0
0.0
0.0
100.0
0.0
0.0
0.0
0.0
100.0
0.0
0.0
0.0
0.0
100.0
0.0
0.0
0.0
0.0
100.0
0.0
0.0
0.0
0.0
100.0
0.0
0.0
0.0
0.0
100.0
0.0
0.0
0.0
0.0
100.0
0.0
0.0
0.0
0.0
100.0
0.0
0.0
0.0
0.0
100.0
0.0
0.0
0.0
0.0
100.0
0.0
0.0
0.0
0.0
100.0
0.0
0.0
0.0
0.0
100.0
0.0
0.0
0.0
0.0
100.0
0.0
0.0
0.0
0.0
100.0
0.0
0.0
0.0
0.0
SAMKNN 500 1 2 2 distance maxACC None None 80
100.0
0.0
0.0
0.0
0.0
100.0
0.0
0.0
0.0
0.0
100.0
0.0
0.0
0.0
0.0
100.0
0.0
0.0
0.0
0.0
100.0
0.0
0.0
0.0
0.0
100.0
0.0
0.0
0.0
0.0
100.0
0.0
0.0
0.0
0.0
100.0
0.0
0.0
0.0
0.0
100.0
0.0
0.0
0.0
0.0
100.0
0.0
0.0
0.0
0.0
100.0
0.0
0.0
0.0
0.0
100.0
0.0
0.0
0.0
0.0
100.0
0.0
0.0
0.0
0.0
100.0
0.0
0.0
0.0
0.0
100.0
0.0
0.0
0.0
0.0
100.0
0.0
0.0
0.0
0.0
100.0
0.0
0.0
0.0
0.0
100.0
0.0
0.0
0.0
0.0
SAMKNN 500 20 5 2 distance maxACC None None 80
100.0
0.0
0.0
0.0
0.0
100.0
0.0
0.0
0.0
0.0
100.0
0.0
0.0
0.0
0.0
100.0
0.0
0.0
0.0
0.0
100.0
0.0
0.0
0.0
0.0
100.0
0.0
0.0
0.0
0.0
95.8
4.2
0.0
0.0
0.0
95.39999999999999
0.0
4.6
0.0
0.0
100.0
0.0
0.0
0.0
0.0
100.0
0.0
0.0
0.0
0.0
100.0
0.0
0.0
0.0
0.0
100.0
0.0
0.0
0.0
0.0
100.0
0.0
0.0
0.0
0.0
100.0
0.0
0.0
0.0
0.0
100.0
0.0
0.0
0.0
0.0
100.0
0.0
0.0
0.0
0.0
100.0
0.0
0.0
0.0
0.0
100.0
0.0
0.0
0.0
0.0
SAMKNN 500 10 5 2 distance maxACC None None 80
100.0
0.0
0.0
0.0
0.0
100.0
0.0
0.0
0.0
0.0
