sqrt 100 nb gini 50 acc
0.0
800.0
5.0
0.0
0.0
0.0
3.0
800.0
0.0
0.0
0.0
800.0
5.0
0.0
0.0
0.0
800.0
8.0
0.0
0.0
0.0
800.0
5.0
0.0
0.0
0.0
800.0
5.0
0.0
0.0
0.0
1.0
1.0
800.0
0.0
0.0
0.0
797.0
800.0
0.0
0.0
0.0
0.0
800.0
0.0
0.0
4.0
4.0
800.0
0.0
0.0
0.0
0.0
800.0
0.0
0.0
0.0
0.0
800.0
0.0
0.0
0.0
1.0
795.0
800.0
0.0
0.0
797.0
9.0
3.0
0.0
0.0
1.0
799.0
786.0
0.0
0.0
0.0
3.0
800.0
0.0
0.0
0.0
799.0
786.0
0.0
0.0
0.0
799.0
787.0
sqrt 100 nb gini 50 acc
0.0
800.0
0.0
0.0
0.0
0.0
3.0
797.0
0.0
0.0
0.0
800.0
0.0
0.0
0.0
0.0
800.0
0.0
0.0
0.0
0.0
800.0
0.0
0.0
0.0
0.0
800.0
0.0
0.0
0.0
0.0
0.0
0.0
800.0
0.0
0.0
0.0
791.0
3.0
0.0
0.0
0.0
0.0
800.0
0.0
0.0
0.0
0.0
800.0
0.0
0.0
0.0
0.0
800.0
0.0
0.0
0.0
0.0
800.0
0.0
0.0
0.0
0.0
96.0
650.0
0.0
0.0
797.0
0.0
3.0
0.0
0.0
0.0
592.0
208.0
0.0
0.0
0.0
0.0
800.0
0.0
0.0
0.0
651.0
149.0
0.0
0.0
0.0
392.0
408.0
sqrt 100 nb gini 50 acc
0.0
794.0
0.0
0.0
0.0
0.0
0.0
790.0
0.0
0.0
0.0
502.0
0.0
0.0
0.0
0.0
77.0
0.0
0.0
0.0
0.0
531.0
0.0
0.0
0.0
0.0
600.0
0.0
0.0
0.0
0.0
0.0
0.0
711.0
0.0
0.0
0.0
0.0
0.0
0.0
0.0
0.0
0.0
751.0
0.0
0.0
0.0
0.0
0.0
0.0
0.0
0.0
0.0
743.0
0.0
0.0
0.0
0.0
745.0
0.0
0.0
0.0
0.0
0.0
0.0
0.0
0.0
0.0
0.0
0.0
0.0
0.0
0.0
0.0
0.0
0.0
0.0
0.0
0.0
536.0
0.0
0.0
0.0
0.0
0.0
0.0
0.0
0.0
0.0
0.0
sqrt 100 nb gini 50 acc
0.0
0.0
0.0
0.0
0.0
0.0
0.0
0.0
0.0
0.0
0.0
0.0
0.0
0.0
0.0
0.0
0.0
0.0
0.0
0.0
0.0
0.0
0.0
0.0
0.0
0.0
0.0
0.0
0.0
0.0
0.0
0.0
0.0
0.0
0.0
0.0
0.0
0.0
0.0
0.0
0.0
0.0
0.0
0.0
0.0
0.0
0.0
0.0
0.0
0.0
0.0
0.0
0.0
0.0
0.0
0.0
0.0
0.0
0.0
0.0
0.0
0.0
0.0
0.0
0.0
0.0
0.0
0.0
0.0
0.0
0.0
0.0
0.0
0.0
0.0
0.0
0.0
0.0
0.0
0.0
0.0
0.0
0.0
0.0
0.0
0.0
0.0
0.0
0.0
0.0
sqrt 100 nb gini 50 kappa
0.0
800.0
5.0
0.0
0.0
0.0
3.0
800.0
0.0
0.0
0.0
800.0
8.0
0.0
0.0
0.0
800.0
8.0
0.0
0.0
0.0
800.0
8.0
0.0
0.0
0.0
800.0
8.0
0.0
0.0
0.0
1.0
1.0
800.0
0.0
0.0
6.0
797.0
800.0
0.0
0.0
0.0
0.0
800.0
0.0
0.0
4.0
4.0
800.0
0.0
0.0
0.0
0.0
800.0
0.0
0.0
0.0
0.0
800.0
0.0
0.0
1.0
1.0
795.0
800.0
0.0
0.0
797.0
797.0
9.0
0.0
0.0
0.0
799.0
780.0
0.0
0.0
0.0
3.0
800.0
0.0
0.0
0.0
799.0
784.0
0.0
0.0
0.0
799.0
785.0
sqrt 100 nb gini 50 kappa
0.0
800.0
0.0
0.0
0.0
0.0
3.0
797.0
0.0
0.0
0.0
800.0
0.0
0.0
0.0
0.0
800.0
0.0
0.0
0.0
0.0
800.0
0.0
0.0
0.0
0.0
800.0
0.0
0.0
0.0
0.0
0.0
0.0
800.0
0.0
0.0
0.0
791.0
3.0
0.0
0.0
0.0
0.0
800.0
0.0
0.0
0.0
0.0
800.0
0.0
0.0
0.0
0.0
800.0
0.0
0.0
0.0
0.0
800.0
0.0
0.0
0.0
0.0
75.0
702.0
0.0
0.0
791.0
0.0
3.0
0.0
0.0
0.0
628.0
161.0
0.0
0.0
0.0
0.0
800.0
0.0
0.0
0.0
564.0
138.0
0.0
0.0
0.0
298.0
367.0
sqrt 100 nb gini 50 kappa
0.0
794.0
0.0
0.0
0.0
0.0
0.0
791.0
0.0
0.0
0.0
720.0
0.0
0.0
0.0
0.0
787.0
0.0
0.0
0.0
0.0
694.0
0.0
0.0
0.0
0.0
759.0
0.0
0.0
0.0
0.0
0.0
0.0
689.0
0.0
0.0
0.0
0.0
0.0
0.0
0.0
0.0
0.0
773.0
0.0
0.0
0.0
0.0
0.0
0.0
0.0
0.0
0.0
779.0
0.0
0.0
0.0
0.0
776.0
0.0
0.0
0.0
0.0
0.0
0.0
0.0
0.0
0.0
0.0
0.0
0.0
0.0
0.0
0.0
0.0
0.0
0.0
0.0
0.0
666.0
0.0
0.0
0.0
0.0
0.0
0.0
0.0
0.0
1.0
0.0
sqrt 100 nb gini 50 kappa
0.0
0.0
0.0
0.0
0.0
0.0
0.0
0.0
0.0
0.0
0.0
0.0
0.0
0.0
0.0
0.0
0.0
0.0
0.0
0.0
0.0
0.0
0.0
0.0
0.0
0.0
0.0
0.0
0.0
0.0
0.0
0.0
0.0
0.0
0.0
0.0
0.0
0.0
0.0
0.0
0.0
0.0
0.0
0.0
0.0
0.0
0.0
0.0
0.0
0.0
0.0
0.0
0.0
0.0
0.0
0.0
0.0
0.0
0.0
0.0
0.0
0.0
0.0
0.0
0.0
0.0
0.0
0.0
0.0
0.0
0.0
0.0
0.0
0.0
0.0
0.0
0.0
0.0
0.0
0.0
0.0
0.0
0.0
0.0
0.0
0.0
0.0
0.0
0.0
0.0
sqrt 100 nb gini 25 acc
0.0
800.0
5.0
0.0
0.0
0.0
3.0
800.0
0.0
0.0
0.0
800.0
8.0
0.0
0.0
0.0
800.0
8.0
0.0
0.0
0.0
800.0
8.0
0.0
0.0
0.0
800.0
8.0
0.0
0.0
0.0
5.0
1.0
800.0
0.0
0.0
6.0
797.0
12.0
0.0
0.0
0.0
0.0
800.0
0.0
0.0
4.0
4.0
800.0
0.0
0.0
1.0
0.0
800.0
0.0
0.0
1.0
0.0
800.0
0.0
0.0
10.0
1.0
788.0
800.0
0.0
0.0
797.0
6.0
3.0
0.0
1.0
0.0
798.0
787.0
0.0
0.0
0.0
2.0
800.0
0.0
2.0
0.0
799.0
784.0
0.0
5.0
0.0
797.0
783.0
sqrt 100 nb gini 25 acc
0.0
800.0
0.0
0.0
0.0
0.0
3.0
797.0
0.0
0.0
0.0
800.0
0.0
0.0
0.0
0.0
800.0
0.0
0.0
0.0
0.0
800.0
0.0
0.0
0.0
0.0
800.0
0.0
0.0
0.0
0.0
0.0
0.0
800.0
0.0
0.0
0.0
791.0
3.0
0.0
0.0
0.0
0.0
800.0
0.0
0.0
0.0
0.0
800.0
0.0
0.0
0.0
0.0
800.0
0.0
0.0
0.0
0.0
800.0
0.0
0.0
0.0
0.0
44.0
745.0
0.0
0.0
797.0
0.0
3.0
0.0
0.0
0.0
547.0
234.0
0.0
0.0
0.0
0.0
800.0
0.0
0.0
0.0
368.0
361.0
0.0
0.0
0.0
186.0
584.0
sqrt 100 nb gini 25 acc
0.0
793.0
0.0
0.0
0.0
0.0
0.0
791.0
0.0
0.0
0.0
41.0
0.0
0.0
0.0
0.0
0.0
0.0
0.0
0.0
0.0
776.0
0.0
0.0
0.0
0.0
780.0
0.0
0.0
0.0
0.0
0.0
0.0
676.0
0.0
0.0
0.0
0.0
0.0
0.0
0.0
0.0
0.0
775.0
0.0
0.0
0.0
0.0
0.0
0.0
0.0
0.0
0.0
751.0
0.0
0.0
0.0
0.0
752.0
0.0
0.0
0.0
0.0
0.0
0.0
0.0
0.0
0.0
0.0
0.0
0.0
0.0
0.0
0.0
0.0
0.0
0.0
0.0
0.0
564.0
0.0
0.0
0.0
0.0
0.0
0.0
0.0
0.0
0.0
0.0
