none 100 nb gini 50 acc
0.0
800.0
6.0
0.0
0.0
0.0
4.0
800.0
0.0
0.0
0.0
800.0
8.0
0.0
0.0
0.0
800.0
8.0
0.0
0.0
0.0
800.0
8.0
0.0
0.0
0.0
800.0
8.0
0.0
0.0
0.0
0.0
5.0
800.0
0.0
0.0
0.0
796.0
800.0
0.0
0.0
0.0
0.0
800.0
0.0
0.0
0.0
4.0
800.0
0.0
0.0
0.0
0.0
800.0
0.0
0.0
0.0
0.0
800.0
0.0
0.0
20.0
5.0
794.0
795.0
0.0
0.0
796.0
790.0
4.0
0.0
2.0
0.0
799.0
777.0
0.0
0.0
0.0
2.0
800.0
0.0
7.0
1.0
799.0
765.0
0.0
1.0
1.0
799.0
764.0
none 100 nb gini 50 acc
0.0
794.0
6.0
0.0
0.0
0.0
0.0
800.0
0.0
0.0
0.0
799.0
1.0
0.0
0.0
0.0
796.0
4.0
0.0
0.0
0.0
799.0
1.0
0.0
0.0
0.0
799.0
1.0
0.0
0.0
0.0
0.0
0.0
800.0
0.0
0.0
0.0
796.0
4.0
0.0
0.0
0.0
0.0
800.0
0.0
0.0
0.0
0.0
800.0
0.0
0.0
0.0
0.0
800.0
0.0
0.0
0.0
0.0
800.0
0.0
0.0
0.0
0.0
87.0
677.0
0.0
0.0
796.0
0.0
4.0
0.0
0.0
0.0
486.0
313.0
0.0
0.0
0.0
0.0
800.0
0.0
0.0
0.0
549.0
161.0
0.0
0.0
0.0
297.0
426.0
none 100 nb gini 50 acc
0.0
778.0
0.0
0.0
0.0
0.0
0.0
784.0
0.0
0.0
0.0
83.0
0.0
0.0
0.0
0.0
0.0
0.0
0.0
0.0
0.0
94.0
0.0
0.0
0.0
0.0
311.0
0.0
0.0
0.0
0.0
0.0
0.0
36.0
0.0
0.0
0.0
0.0
0.0
0.0
0.0
0.0
0.0
732.0
0.0
0.0
0.0
0.0
691.0
0.0
0.0
0.0
0.0
71.0
0.0
0.0
0.0
0.0
76.0
0.0
0.0
0.0
0.0
0.0
0.0
0.0
0.0
0.0
0.0
0.0
0.0
0.0
0.0
0.0
0.0
0.0
0.0
0.0
0.0
653.0
0.0
0.0
0.0
0.0
0.0
0.0
0.0
0.0
0.0
0.0
none 100 nb gini 50 acc
0.0
0.0
0.0
0.0
0.0
0.0
0.0
0.0
0.0
0.0
0.0
0.0
0.0
0.0
0.0
0.0
0.0
0.0
0.0
0.0
0.0
0.0
0.0
0.0
0.0
0.0
0.0
0.0
0.0
0.0
0.0
0.0
0.0
0.0
0.0
0.0
0.0
0.0
0.0
0.0
0.0
0.0
0.0
0.0
0.0
0.0
0.0
0.0
0.0
0.0
0.0
0.0
0.0
0.0
0.0
0.0
0.0
0.0
0.0
0.0
0.0
0.0
0.0
0.0
0.0
0.0
0.0
0.0
0.0
0.0
0.0
0.0
0.0
0.0
0.0
0.0
0.0
0.0
0.0
0.0
0.0
0.0
0.0
0.0
0.0
0.0
0.0
0.0
0.0
0.0
none 100 nb gini 50 kappa
0.0
800.0
6.0
0.0
0.0
0.0
4.0
800.0
0.0
0.0
0.0
800.0
7.0
0.0
0.0
0.0
800.0
8.0
0.0
0.0
0.0
800.0
8.0
0.0
0.0
0.0
800.0
8.0
0.0
0.0
0.0
5.0
5.0
800.0
0.0
0.0
0.0
796.0
800.0
0.0
0.0
0.0
0.0
800.0
0.0
0.0
0.0
4.0
800.0
0.0
0.0
0.0
0.0
800.0
0.0
0.0
0.0
0.0
800.0
0.0
0.0
0.0
5.0
785.0
800.0
0.0
0.0
796.0
796.0
4.0
0.0
0.0
1.0
799.0
770.0
0.0
0.0
0.0
3.0
800.0
0.0
0.0
1.0
799.0
761.0
0.0
0.0
1.0
798.0
771.0
none 100 nb gini 50 kappa
0.0
794.0
6.0
0.0
0.0
0.0
0.0
800.0
0.0
0.0
0.0
799.0
1.0
0.0
0.0
0.0
796.0
4.0
0.0
0.0
0.0
799.0
1.0
0.0
0.0
0.0
799.0
1.0
0.0
0.0
0.0
0.0
0.0
800.0
0.0
0.0
0.0
796.0
4.0
0.0
0.0
0.0
0.0
800.0
0.0
0.0
0.0
0.0
800.0
0.0
0.0
0.0
0.0
800.0
0.0
0.0
0.0
0.0
800.0
0.0
0.0
0.0
0.0
85.0
714.0
0.0
0.0
796.0
0.0
4.0
0.0
0.0
0.0
264.0
534.0
0.0
0.0
0.0
0.0
800.0
0.0
0.0
0.0
375.0
419.0
0.0
0.0
0.0
217.0
583.0
none 100 nb gini 50 kappa
0.0
778.0
0.0
0.0
0.0
0.0
0.0
784.0
0.0
0.0
0.0
194.0
0.0
0.0
0.0
0.0
1.0
0.0
0.0
0.0
0.0
748.0
0.0
0.0
0.0
0.0
748.0
0.0
0.0
0.0
0.0
0.0
0.0
689.0
0.0
0.0
0.0
0.0
0.0
0.0
0.0
0.0
0.0
787.0
0.0
0.0
0.0
0.0
700.0
0.0
0.0
0.0
0.0
742.0
0.0
0.0
0.0
0.0
784.0
0.0
0.0
0.0
0.0
0.0
0.0
0.0
0.0
0.0
0.0
0.0
0.0
0.0
0.0
0.0
0.0
0.0
0.0
0.0
0.0
623.0
0.0
0.0
0.0
0.0
0.0
0.0
0.0
0.0
0.0
0.0
none 100 nb gini 50 kappa
0.0
0.0
0.0
0.0
0.0
0.0
0.0
0.0
0.0
0.0
0.0
0.0
0.0
0.0
0.0
0.0
0.0
0.0
0.0
0.0
0.0
0.0
0.0
0.0
0.0
0.0
0.0
0.0
0.0
0.0
0.0
0.0
0.0
0.0
0.0
0.0
0.0
0.0
0.0
0.0
0.0
0.0
0.0
0.0
0.0
0.0
0.0
0.0
0.0
0.0
0.0
0.0
0.0
0.0
0.0
0.0
0.0
0.0
0.0
0.0
0.0
0.0
0.0
0.0
0.0
0.0
0.0
0.0
0.0
0.0
0.0
0.0
0.0
0.0
0.0
0.0
0.0
0.0
0.0
0.0
0.0
0.0
0.0
0.0
0.0
0.0
0.0
0.0
0.0
0.0
none 100 nb gini 25 acc
0.0
800.0
6.0
0.0
0.0
0.0
4.0
800.0
0.0
0.0
0.0
800.0
7.0
0.0
0.0
0.0
800.0
8.0
0.0
0.0
0.0
800.0
7.0
0.0
0.0
0.0
800.0
7.0
0.0
0.0
0.0
21.0
5.0
800.0
0.0
0.0
0.0
796.0
21.0
0.0
0.0
1.0
0.0
800.0
0.0
0.0
6.0
4.0
800.0
0.0
0.0
1.0
0.0
800.0
0.0
0.0
0.0
0.0
800.0
0.0
0.0
14.0
5.0
794.0
800.0
0.0
0.0
796.0
6.0
10.0
0.0
2.0
1.0
799.0
780.0
0.0
0.0
0.0
2.0
800.0
0.0
7.0
1.0
799.0
775.0
0.0
1.0
2.0
799.0
783.0
none 100 nb gini 25 acc
0.0
794.0
6.0
0.0
0.0
0.0
0.0
800.0
0.0
0.0
0.0
799.0
1.0
0.0
0.0
0.0
796.0
4.0
0.0
0.0
0.0
799.0
1.0
0.0
0.0
0.0
799.0
1.0
0.0
0.0
0.0
0.0
0.0
795.0
0.0
0.0
0.0
796.0
4.0
0.0
0.0
0.0
0.0
800.0
0.0
0.0
0.0
0.0
800.0
0.0
0.0
0.0
0.0
800.0
0.0
0.0
0.0
0.0
800.0
0.0
0.0
0.0
0.0
34.0
752.0
0.0
0.0
796.0
0.0
4.0
0.0
0.0
0.0
597.0
197.0
0.0
0.0
0.0
0.0
800.0
0.0
0.0
0.0
449.0
213.0
0.0
0.0
0.0
215.0
478.0
none 100 nb gini 25 acc
0.0
789.0
0.0
0.0
0.0
0.0
0.0
790.0
0.0
0.0
0.0
142.0
0.0
0.0
0.0
0.0
783.0
0.0
0.0
0.0
0.0
782.0
0.0
0.0
0.0
0.0
781.0
0.0
0.0
0.0
0.0
0.0
0.0
254.0
0.0
0.0
0.0
0.0
0.0
0.0
0.0
0.0
0.0
755.0
0.0
0.0
0.0
0.0
749.0
0.0
0.0
0.0
0.0
659.0
0.0
0.0
0.0
0.0
718.0
0.0
0.0
0.0
0.0
0.0
0.0
0.0
0.0
0.0
0.0
0.0
0.0
0.0
0.0
1.0
0.0
0.0
0.0
0.0
0.0
650.0
0.0
0.0
0.0
0.0
0.0
0.0
0.0
0.0
0.0
0.0
