SAMKNN 5000 1 2 2 distance maxACC 10000 800 1000
1.875
98.125
0.0
0.0
0.0
1.7500000000000002
0.125
98.125
0.0
0.0
99.875
0.125
0.0
0.0
0.0
99.875
0.125
0.0
0.0
0.0
26.5
73.5
0.0
0.0
0.0
21.75
78.25
0.0
0.0
0.0
2.25
97.75
0.0
0.0
0.0
2.0
0.0
98.0
0.0
0.0
17.125
0.0
0.0
82.875
0.0
100.0
0.0
0.0
0.0
0.0
26.625
73.375
0.0
0.0
0.0
21.875
78.125
0.0
0.0
0.0
2.125
97.75
0.0
0.0
0.125
1.875
0.0
98.0
0.0
0.125
5.5
0.0
0.0
94.375
0.125
99.875
0.0
0.0
0.0
0.125
20.25
72.5
0.0
7.124999999999999
0.125
21.625
78.125
0.0
0.125
0.125
SAMKNN 5000 2 2 2 distance maxACC 10000 800 1000
1.25
98.75
0.0
0.0
0.0
1.125
0.125
98.75
0.0
0.0
99.875
0.125
0.0
0.0
0.0
99.875
0.125
0.0
0.0
0.0
10.875
89.125
0.0
0.0
0.0
9.75
90.25
0.0
0.0
0.0
1.5
98.5
0.0
0.0
0.0
1.375
0.0
98.625
0.0
0.0
6.75
0.0
0.0
93.25
0.0
97.0
0.0
0.0
3.0
0.0
11.0
88.75
0.0
0.25
0.0
9.875
90.125
0.0
0.0
0.0
1.5
98.5
0.0
0.0
0.0
1.375
0.0
98.625
0.0
0.0
2.75
0.0
0.0
97.25
0.0
3.25
0.0
0.0
3.5000000000000004
93.25
11.0
78.5
0.0
10.5
0.0
9.875
89.625
0.0
0.5
0.0
SAMKNN 5000 5 2 2 distance maxACC 10000 800 1000
1.0
99.0
0.0
0.0
0.0
0.375
0.125
99.5
0.0
0.0
61.5
38.5
0.0
0.0
0.0
99.875
0.125
0.0
0.0
0.0
7.249999999999999
92.75
0.0
0.0
0.0
5.75
94.25
0.0
0.0
0.0
1.375
98.625
0.0
0.0
0.0
0.8750000000000001
0.0
99.125
0.0
0.0
2.125
0.0
0.0
97.875
0.0
9.875
0.0
0.0
90.125
0.0
4.375
92.0
0.0
3.6249999999999996
0.0
2.875
93.75
0.0
3.375
0.0
1.375
98.625
0.0
0.0
0.0
0.8750000000000001
0.0
99.125
0.0
0.0
1.625
0.0
0.0
98.375
0.0
1.875
0.0
0.0
3.875
94.25
3.75
81.625
0.0
14.625
0.0
2.25
93.125
0.0
4.625
0.0
SAMKNN 5000 10 2 2 distance maxACC 10000 800 1000
1.0
99.0
0.0
0.0
0.0
0.375
0.125
99.5
0.0
0.0
6.875000000000001
93.125
0.0
0.0
0.0
96.0
4.0
0.0
0.0
0.0
3.75
96.25
0.0
0.0
0.0
1.7500000000000002
98.25
0.0
0.0
0.0
1.25
98.75
0.0
0.0
0.0
0.75
0.0
99.25
0.0
0.0
1.625
0.0
0.0
98.375
0.0
6.375
0.25
0.0
93.375
0.0
3.75
92.0
0.0
4.25
0.0
1.7500000000000002
94.125
0.0
4.125
0.0
1.25
98.75
0.0
0.0
0.0
0.75
0.0
99.25
0.0
0.0
1.25
0.0
0.0
98.75
0.0
1.7500000000000002
0.0
0.0
6.375
91.875
3.5000000000000004
81.5
0.0
15.0
0.0
1.5
93.375
0.0
5.125
0.0
SAMKNN 5000 20 2 2 distance maxACC 10000 800 1000
0.375
99.625
0.0
0.0
0.0
0.375
0.125
99.5
0.0
0.0
1.25
98.75
0.0
0.0
0.0
1.375
98.625
0.0
0.0
0.0
2.625
97.375
0.0
0.0
0.0
0.8750000000000001
99.125
0.0
0.0
0.0
1.0
99.0
0.0
0.0
0.0
0.75
0.0
99.25
0.0
0.0
1.25
0.0
0.0
98.75
0.0
1.5
1.0
0.0
97.5
0.0
3.5000000000000004
92.25
0.0
4.25
0.0
1.25
94.375
0.0
4.375
0.0
1.0
99.0
0.0
0.0
0.0
0.75
0.0
99.25
0.0
0.0
1.0
0.0
0.0
99.0
0.0
1.125
0.375
0.0
4.25
94.25
3.375
81.625
0.0
15.0
0.0
1.125
93.5
0.0
5.375
0.0
SAMKNN 5000 1 5 2 distance maxACC 10000 800 1000
2.375
97.625
0.0
0.0
0.0
2.75
0.0
97.25
0.0
0.0
100.0
0.0
0.0
0.0
0.0
100.0
0.0
0.0
0.0
0.0
26.875
73.125
0.0
0.0
0.0
22.875
77.125
0.0
0.0
0.0
2.375
97.625
0.0
0.0
0.0
2.5
0.0
97.5
0.0
0.0
18.625
0.0
0.0
81.375
0.0
100.0
0.0
0.0
0.0
0.0
26.875
73.125
0.0
0.0
0.0
22.875
77.125
0.0
0.0
0.0
2.375
97.625
0.0
0.0
0.0
2.5
0.0
97.5
0.0
0.0
7.000000000000001
0.0
0.0
93.0
0.0
100.0
0.0
0.0
0.0
0.0
26.875
73.125
0.0
0.0
0.0
22.875
77.125
0.0
0.0
0.0
SAMKNN 5000 2 5 2 distance maxACC 10000 800 1000
2.0
98.0
0.0
0.0
0.0
2.125
0.0
97.875
0.0
0.0
100.0
0.0
0.0
0.0
0.0
100.0
0.0
0.0
0.0
0.0
11.875
88.125
0.0
0.0
0.0
10.375
89.625
0.0
0.0
0.0
2.0
98.0
0.0
0.0
0.0
2.125
0.0
97.875
0.0
0.0
11.25
0.0
0.0
88.75
0.0
97.625
0.0
0.0
2.375
0.0
11.875
88.125
0.0
0.0
0.0
10.375
89.625
0.0
0.0
0.0
2.0
98.0
0.0
0.0
0.0
2.125
0.0
97.875
0.0
0.0
3.25
0.0
0.0
96.75
0.0
96.625
0.0
0.0
3.375
0.0
11.875
87.0
0.0
1.125
0.0
10.375
89.25
0.0
0.375
0.0
SAMKNN 5000 5 5 2 distance maxACC 10000 800 1000
1.625
98.375
0.0
0.0
0.0
1.7500000000000002
0.0
98.25
0.0
0.0
61.75000000000001
38.25
0.0
0.0
0.0
100.0
0.0
0.0
0.0
0.0
7.5
92.5
0.0
0.0
0.0
6.0
94.0
0.0
0.0
0.0
1.625
98.375
0.0
0.0
0.0
1.7500000000000002
0.0
98.25
0.0
0.0
3.5000000000000004
0.0
0.0
96.5
0.0
12.125
0.0
0.0
87.875
0.0
7.5
92.5
0.0
0.0
0.0
6.0
94.0
0.0
0.0
0.0
1.625
98.375
0.0
0.0
0.0
1.7500000000000002
0.0
98.25
0.0
0.0
1.875
0.0
0.0
98.125
0.0
3.75
0.0
0.0
88.625
7.625
3.875
91.0
0.0
5.125
0.0
2.375
93.125
0.0
4.5
0.0
SAMKNN 5000 10 5 2 distance maxACC 10000 800 1000
1.25
98.75
0.0
0.0
0.0
1.0
0.0
99.0
0.0
0.0
7.249999999999999
92.75
0.0
0.0
0.0
96.5
3.5000000000000004
0.0
0.0
0.0
4.25
95.75
0.0
0.0
0.0
2.25
97.75
0.0
0.0
0.0
1.375
98.625
0.0
0.0
0.0
1.125
0.0
98.875
0.0
0.0
2.0
0.0
0.0
98.0
0.0
6.625
0.5
0.0
92.875
0.0
4.0
94.375
0.0
1.625
0.0
2.0
96.375
0.0
1.625
0.0
1.375
98.625
0.0
0.0
0.0
1.125
0.0
98.875
0.0
0.0
1.625
0.0
0.0
98.375
0.0
2.125
0.0
0.0
90.0
7.875
3.6249999999999996
90.875
0.0
5.5
0.0
1.625
93.375
0.0
5.0
0.0
SAMKNN 5000 20 5 2 distance maxACC 10000 800 1000
1.125
98.875
0.0
0.0
0.0
0.8750000000000001
0.0
99.125
0.0
0.0
1.7500000000000002
98.25
0.0
0.0
0.0
1.7500000000000002
98.25
0.0
0.0
0.0
3.5000000000000004
96.5
0.0
0.0
0.0
1.25
98.75
0.0
0.0
0.0
1.25
98.75
0.0
0.0
0.0
1.0
0.0
99.0
0.0
0.0
1.7500000000000002
0.0
0.0
98.25
0.0
1.7500000000000002
1.5
0.0
96.75
0.0
3.6249999999999996
95.375
0.0
1.0
0.0
1.375
97.625
0.0
1.0
0.0
1.25
98.75
0.0
0.0
0.0
1.0
0.0
99.0
0.0
0.0
1.375
0.0
0.0
98.625
0.0
1.7500000000000002
0.0
0.0
90.125
8.125
3.5000000000000004
91.125
0.0
5.375
0.0
1.25
93.625
0.0
5.125
0.0
SAMKNN 5000 1 2 2 distance maxACCApprox 10000 800 1000
1.7500000000000002
98.25
0.0
0.0
0.0
1.7500000000000002
0.125
98.125
0.0
0.0
99.875
0.125
0.0
0.0
0.0
99.875
0.125
0.0
0.0
0.0
26.5
73.5
0.0
0.0
0.0
21.875
78.125
0.0
0.0
0.0
0.0
97.875
0.0
2.125
0.0
0.0
0.0
98.0
2.0
0.0
0.0
0.0
0.0
100.0
0.0
0.0
0.0
0.0
100.0
0.0
0.0
73.375
0.0
26.625
0.0
0.0
78.0
0.0
22.0
0.0
2.0
97.875
0.0
0.125
0.0
1.875
0.0
98.0
0.125
0.0
5.375
0.0
0.0
94.625
0.0
99.875
0.0
0.0
0.125
0.0
20.25
72.5
0.0
7.249999999999999
0.0
21.75
78.0
0.0
0.25
0.0
SAMKNN 5000 2 2 2 distance maxACCApprox 10000 800 1000
1.125
98.875
0.0
0.0
0.0
1.125
0.125
98.75
0.0
0.0
99.875
0.125
0.0
0.0
0.0
99.875
0.125
0.0
0.0
0.0
10.875
89.125
0.0
0.0
0.0
9.75
90.25
0.0
0.0
0.0
1.375
98.625
0.0
0.0
0.0
1.375
0.0
98.625
0.0
0.0
7.75
0.0
0.0
92.25
0.0
98.75
0.0
0.0
1.25
0.0
11.0
89.0
0.0
0.0
0.0
9.875
90.125
0.0
0.0
0.0
1.25
98.625
0.0
0.125
0.0
1.25
0.0
98.625
0.125
0.0
2.375
0.0
0.0
97.625
0.0
3.0
0.0
0.0
4.125
92.875
10.875
78.5
0.0
10.625
0.0
9.75
89.625
0.0
0.625
0.0
SAMKNN 5000 5 2 2 distance maxACCApprox 10000 800 1000
0.8750000000000001
99.125
0.0
0.0
0.0
0.5
0.125
99.375
0.0
0.0
61.5
38.5
0.0
0.0
0.0
99.875
0.125
0.0
0.0
0.0
7.249999999999999
92.75
0.0
0.0
0.0
5.75
94.25
0.0
0.0
0.0
1.25
98.75
0.0
0.0
0.0
0.75
0.0
99.25
0.0
0.0
2.75
0.0
0.0
97.25
0.0
9.625
0.0
0.0
90.375
0.0
6.25
92.625
0.0
1.125
0.0
4.75
94.125
0.0
1.125
0.0
1.125
98.75
0.0
0.125
0.0
0.625
0.0
99.25
0.125
0.0
1.25
0.0
0.0
98.75
0.0
1.875
0.0
0.0
5.5
92.625
3.5000000000000004
81.375
0.0
15.125
0.0
2.0
93.125
0.0
4.875
0.0
SAMKNN 5000 10 2 2 distance maxACCApprox 10000 800 1000
0.8750000000000001
99.125
0.0
0.0
0.0
0.5
0.125
99.375
0.0
0.0
6.875000000000001
93.125
0.0
0.0
0.0
96.0
4.0
0.0
0.0
0.0
3.75
96.25
0.0
0.0
0.0
1.7500000000000002
98.25
0.0
0.0
0.0
1.25
98.75
0.0
0.0
0.0
0.75
0.0
99.25
0.0
0.0
1.5
0.0
0.0
98.5
0.0
6.625
0.75
0.0
92.625
0.0
3.5000000000000004
93.75
0.0
2.75
0.0
1.5
95.625
0.0
2.875
0.0
1.125
98.75
0.0
0.125
0.0
0.625
0.0
99.25
0.125
0.0
0.8750000000000001
0.0
0.0
99.125
0.0
1.375
0.0
0.0
4.75
93.875
3.25
81.625
0.0
15.125
0.0
1.25
93.375
0.0
5.375
0.0
SAMKNN 5000 20 2 2 distance maxACCApprox 10000 800 1000
0.375
99.625
0.0
0.0
0.0
0.5
0.125
99.375
0.0
0.0
1.25
98.75
0.0
0.0
0.0
1.375
98.625
0.0
0.0
0.0
2.625
97.375
0.0
0.0
0.0
0.8750000000000001
99.125
0.0
0.0
0.0
1.0
99.0
0.0
0.0
0.0
0.625
0.0
99.375
0.0
0.0
1.125
0.0
0.0
98.875
0.0
1.5
1.5
0.0
97.0
0.0
3.375
93.75
0.0
2.875
0.0
1.125
96.0
0.0
2.875
0.0
0.8750000000000001
99.0
0.0
0.125
0.0
0.5
0.0
99.375
0.125
0.0
0.75
0.0
0.0
99.25
0.0
0.75
0.125
0.0
5.0
94.125
3.0
81.625
0.0
15.375
0.0
0.75
93.5
0.0
5.75
0.0
SAMKNN 5000 1 5 2 distance maxACCApprox 10000 800 1000
2.125
97.875
0.0
0.0
0.0
2.5
0.0
97.5
0.0
0.0
100.0
0.0
0.0
0.0
0.0
100.0
0.0
0.0
0.0
0.0
26.875
73.125
0.0
0.0
0.0
22.875
77.125
0.0
0.0
0.0
2.125
97.875
0.0
0.0
0.0
2.5
0.0
97.5
0.0
0.0
100.0
0.0
0.0
0.0
0.0
100.0
0.0
0.0
0.0
0.0
26.875
73.125
0.0
0.0
0.0
22.875
77.125
0.0
0.0
0.0
2.125
97.875
0.0
0.0
0.0
2.5
0.0
97.5
0.0
0.0
7.000000000000001
0.0
0.0
93.0
0.0
100.0
0.0
0.0
0.0
0.0
26.875
73.125
0.0
0.0
0.0
22.875
77.125
0.0
0.0
0.0
SAMKNN 5000 2 5 2 distance maxACCApprox 10000 800 1000
2.0
98.0
0.0
0.0
0.0
2.125
0.0
97.875
0.0
0.0
100.0
0.0
0.0
0.0
0.0
100.0
0.0
0.0
0.0
0.0
11.875
88.125
0.0
0.0
0.0
10.375
89.625
0.0
0.0
0.0
2.0
98.0
0.0
0.0
0.0
2.125
0.0
97.875
0.0
0.0
64.25
0.0
0.0
35.75
0.0
100.0
0.0
0.0
0.0
0.0
11.875
88.125
0.0
0.0
0.0
10.375
89.625
0.0
0.0
0.0
2.0
98.0
0.0
0.0
0.0
2.125
0.0
97.875
0.0
0.0
3.25
0.0
0.0
96.75
0.0
96.5
0.0
0.0
3.5000000000000004
0.0
11.875
86.5
0.0
1.625
0.0
10.375
89.25
0.0
0.375
0.0
SAMKNN 5000 5 5 2 distance maxACCApprox 10000 800 1000
1.625
98.375
0.0
0.0
0.0
1.7500000000000002
0.0
98.25
0.0
0.0
61.75000000000001
38.25
0.0
0.0
0.0
100.0
0.0
0.0
0.0
0.0
7.5
92.5
0.0
0.0
0.0
6.0
94.0
0.0
0.0
0.0
1.625
98.375
0.0
0.0
0.0
1.7500000000000002
0.0
98.25
0.0
0.0
9.25
0.0
0.0
90.75
0.0
26.125
0.0
0.0
73.875
0.0
7.5
92.5
0.0
0.0
0.0
6.0
94.0
0.0
0.0
0.0
1.625
98.375
0.0
0.0
0.0
1.7500000000000002
0.0
98.25
0.0
0.0
1.7500000000000002
0.0
0.0
98.25
0.0
5.0
0.0
0.0
89.625
5.375
3.875
90.75
0.0
5.375
0.0
2.375
93.125
0.0
4.5
0.0
SAMKNN 5000 10 5 2 distance maxACCApprox 10000 800 1000
1.25
98.75
0.0
0.0
0.0
0.8750000000000001
0.0
99.125
0.0
0.0
7.249999999999999
92.75
0.0
0.0
0.0
96.375
3.6249999999999996
0.0
0.0
0.0
4.125
95.875
0.0
0.0
0.0
2.125
97.875
0.0
0.0
0.0
1.375
98.625
0.0
0.0
0.0
1.0
0.0
99.0
0.0
0.0
3.75
0.0
0.0
96.25
0.0
7.625
1.0
0.0
91.375
0.0
4.125
95.875
0.0
0.0
0.0
2.125
97.875
0.0
0.0
0.0
1.375
98.625
0.0
0.0
0.0
1.0
0.0
99.0
0.0
0.0
1.5
0.0
0.0
98.5
0.0
2.25
0.0
0.0
89.625
8.125
3.6249999999999996
90.875
0.0
5.5
0.0
1.625
93.375
0.0
5.0
0.0
SAMKNN 5000 20 5 2 distance maxACCApprox 10000 800 1000
1.125
98.875
0.0
0.0
0.0
0.75
0.0
99.25
0.0
0.0
1.7500000000000002
98.25
0.0
0.0
0.0
1.7500000000000002
98.25
0.0
0.0
0.0
3.5000000000000004
96.5
0.0
0.0
0.0
1.25
98.75
0.0
0.0
0.0
1.25
98.75
0.0
0.0
0.0
0.8750000000000001
0.0
99.125
0.0
0.0
1.7500000000000002
0.75
0.0
97.5
0.0
1.7500000000000002
1.7500000000000002
0.0
96.5
0.0
3.5000000000000004
96.5
0.0
0.0
0.0
1.25
98.75
0.0
0.0
0.0
1.25
98.75
0.0
0.0
0.0
0.8750000000000001
0.0
99.125
0.0
0.0
1.375
0.0
0.0
98.625
0.0
1.7500000000000002
0.0
0.0
91.75
6.5
3.5000000000000004
90.875
0.0
5.625
0.0
1.25
93.625
0.0
5.125
0.0
SAMKNN 5000 1 2 2 uniform maxACC 10000 800 1000
2.0
98.0
0.0
0.0
0.0
2.0
0.0
98.0
0.0
0.0
100.0
0.0
0.0
0.0
0.0
100.0
0.0
0.0
0.0
0.0
26.625
73.375
0.0
0.0
0.0
22.375
77.625
0.0
0.0
0.0
2.0
98.0
0.0
0.0
0.0
2.0
0.0
98.0
0.0
0.0
97.5
0.0
0.0
2.5
0.0
100.0
0.0
0.0
0.0
0.0
26.625
73.375
0.0
0.0
0.0
21.875
78.125
0.0
0.0
0.0
1.875
98.0
0.0
0.0
0.125
1.875
0.0
98.0
0.0
0.125
5.5
0.0
0.0
94.375
0.125
99.875
0.0
0.0
0.0
0.125
20.25
72.5
0.0
7.124999999999999
0.125
21.625
78.125
0.0
0.125
0.125
SAMKNN 5000 2 2 2 uniform maxACC 10000 800 1000
1.5
98.5
0.0
0.0
0.0
1.375
0.0
98.625
0.0
0.0
100.0
0.0
0.0
0.0
0.0
100.0
0.0
0.0
0.0
0.0
11.125
88.875
0.0
0.0
0.0
10.0
90.0
0.0
0.0
0.0
1.375
98.625
0.0
0.0
0.0
1.375
0.0
98.625
0.0
0.0
100.0
0.0
0.0
0.0
0.0
100.0
0.0
0.0
0.0
0.0
11.125
88.875
0.0
0.0
0.0
10.0
90.0
0.0
0.0
0.0
1.375
98.625
0.0
0.0
0.0
1.375
0.0
98.625
0.0
0.0
2.75
0.0
0.0
97.25
0.0
94.0
0.0
0.0
6.0
0.0
11.125
78.125
0.0
10.75
0.0
10.0
89.5
0.0
0.5
0.0
SAMKNN 5000 5 2 2 uniform maxACC 10000 800 1000
1.125
98.875
0.0
0.0
0.0
0.625
0.0
99.375
0.0
0.0
61.625
38.375
0.0
0.0
0.0
100.0
0.0
0.0
0.0
0.0
7.375
92.625
0.0
0.0
0.0
5.875
94.125
0.0
0.0
0.0
1.25
98.75
0.0
0.0
0.0
0.75
0.0
99.25
0.0
0.0
61.625
38.375
0.0
0.0
0.0
100.0
0.0
0.0
0.0
0.0
7.375
92.625
0.0
0.0
0.0
5.875
94.125
0.0
0.0
0.0
1.25
98.75
0.0
0.0
0.0
0.75
0.0
99.25
0.0
0.0
1.5
0.0
0.0
98.5
0.0
9.25
0.0
0.0
90.75
0.0
3.6249999999999996
81.125
0.0
15.25
0.0
2.125
93.125
0.0
4.75
0.0
SAMKNN 5000 10 2 2 uniform maxACC 10000 800 1000
1.125
98.875
0.0
0.0
0.0
0.625
0.0
99.375
0.0
0.0
7.000000000000001
93.0
0.0
0.0
0.0
96.125
3.875
0.0
0.0
0.0
4.0
96.0
0.0
0.0
0.0
2.0
98.0
0.0
0.0
0.0
1.125
98.875
0.0
0.0
0.0
0.625
0.0
99.375
0.0
0.0
7.375
92.625
0.0
0.0
0.0
96.25
3.75
0.0
0.0
0.0
4.0
96.0
0.0
0.0
0.0
2.0
98.0
0.0
0.0
0.0
1.125
98.875
0.0
0.0
0.0
0.625
0.0
99.375
0.0
0.0
1.375
0.0
0.0
98.625
0.0
4.5
0.0
0.0
95.5
0.0
3.5000000000000004
81.125
0.0
15.375
0.0
1.5
93.25
0.0
5.25
0.0
SAMKNN 5000 20 2 2 uniform maxACC 10000 800 1000
0.75
99.25
0.0
0.0
0.0
0.625
0.0
99.375
0.0
0.0
1.5
98.5
0.0
0.0
0.0
1.5
98.5
0.0
0.0
0.0
3.0
97.0
0.0
0.0
0.0
1.0
99.0
0.0
0.0
0.0
1.0
99.0
0.0
0.0
0.0
0.625
0.0
99.375
0.0
0.0
1.625
73.875
0.0
24.5
0.0
1.5
11.25
0.0
87.25
0.0
3.5000000000000004
96.5
0.0
0.0
0.0
1.25
98.75
0.0
0.0
0.0
1.0
99.0
0.0
0.0
0.0
0.625
0.0
99.375
0.0
0.0
1.0
0.0
0.0
99.0
0.0
1.5
0.625
0.0
97.875
0.0
3.375
81.5
0.0
15.125
0.0
1.125
93.625
0.0
5.25
0.0
SAMKNN 5000 1 5 2 uniform maxACC 10000 800 1000
2.625
97.375
0.0
0.0
0.0
2.875
0.0
97.125
0.0
0.0
100.0
0.0
0.0
0.0
0.0
100.0
0.0
0.0
0.0
0.0
27.750000000000004
72.25
0.0
0.0
0.0
23.0
77.0
0.0
0.0
0.0
2.625
97.375
0.0
0.0
0.0
2.875
0.0
97.125
0.0
0.0
100.0
0.0
0.0
0.0
0.0
100.0
0.0
0.0
0.0
0.0
27.125
72.875
0.0
0.0
0.0
22.875
77.125
0.0
0.0
0.0
2.625
97.375
0.0
0.0
0.0
2.875
0.0
97.125
0.0
0.0
7.124999999999999
0.0
0.0
92.875
0.0
100.0
0.0
0.0
0.0
0.0
27.125
72.875
0.0
0.0
0.0
22.875
77.125
0.0
0.0
0.0
SAMKNN 5000 2 5 2 uniform maxACC 10000 800 1000
2.375
97.625
0.0
0.0
0.0
2.375
0.0
97.625
0.0
0.0
100.0
0.0
0.0
0.0
0.0
100.0
0.0
0.0
0.0
0.0
12.0
88.0
0.0
0.0
0.0
10.5
89.5
0.0
0.0
0.0
2.375
97.625
0.0
0.0
0.0
2.375
0.0
97.625
0.0
0.0
100.0
0.0
0.0
0.0
0.0
100.0
0.0
0.0
0.0
0.0
11.875
88.125
0.0
0.0
0.0
10.375
89.625
0.0
0.0
0.0
2.375
97.625
0.0
0.0
0.0
2.375
0.0
97.625
0.0
0.0
3.6249999999999996
0.0
0.0
96.375
0.0
96.75
0.0
0.0
3.25
0.0
11.875
86.25
0.0
1.875
0.0
10.375
89.25
0.0
0.375
0.0
SAMKNN 5000 5 5 2 uniform maxACC 10000 800 1000
1.7500000000000002
98.25
0.0
0.0
0.0
1.7500000000000002
0.0
98.25
0.0
0.0
61.875
38.125
0.0
0.0
0.0
100.0
0.0
0.0
0.0
0.0
7.625
92.375
0.0
0.0
0.0
6.0
94.0
0.0
0.0
0.0
1.7500000000000002
98.25
0.0
0.0
0.0
1.7500000000000002
0.0
98.25
0.0
0.0
61.875
38.125
0.0
0.0
0.0
100.0
0.0
0.0
0.0
0.0
7.75
92.25
0.0
0.0
0.0
6.125
93.875
0.0
0.0
0.0
1.7500000000000002
98.25
0.0
0.0
0.0
1.7500000000000002
0.0
98.25
0.0
0.0
2.0
0.0
0.0
98.0
0.0
9.875
0.0
0.0
90.125
0.0
4.125
89.625
0.0
6.25
0.0
2.375
93.125
0.0
4.5
0.0
SAMKNN 5000 10 5 2 uniform maxACC 10000 800 1000
1.25
98.75
0.0
0.0
0.0
1.0
0.0
99.0
0.0
0.0
7.249999999999999
92.75
0.0
0.0
0.0
96.75
3.25
0.0
0.0
0.0
4.375
95.625
0.0
0.0
0.0
2.375
97.625
0.0
0.0
0.0
1.375
98.625
0.0
0.0
0.0
1.0
0.0
99.0
0.0
0.0
7.249999999999999
92.75
0.0
0.0
0.0
96.75
3.25
0.0
0.0
0.0
4.375
95.625
0.0
0.0
0.0
2.375
97.625
0.0
0.0
0.0
1.375
98.625
0.0
0.0
0.0
1.0
0.0
99.0
0.0
0.0
1.625
0.0
0.0
98.375
0.0
5.625
0.0
0.0
94.375
0.0
3.6249999999999996
90.0
0.0
6.375
0.0
1.625
93.375
0.0
5.0
0.0
SAMKNN 5000 20 5 2 uniform maxACC 10000 800 1000
1.125
98.875
0.0
0.0
0.0
0.8750000000000001
0.0
99.125
0.0
0.0
1.875
98.125
0.0
0.0
0.0
1.7500000000000002
98.25
0.0
0.0
0.0
3.5000000000000004
96.5
0.0
0.0
0.0
1.25
98.75
0.0
0.0
0.0
1.25
98.75
0.0
0.0
0.0
0.8750000000000001
0.0
99.125
0.0
0.0
1.875
98.125
0.0
0.0
0.0
1.7500000000000002
98.25
0.0
0.0
0.0
3.6249999999999996
96.375
0.0
0.0
0.0
1.375
98.625
0.0
0.0
0.0
1.25
98.75
0.0
0.0
0.0
0.8750000000000001
0.0
99.125
0.0
0.0
1.5
0.0
0.0
98.5
0.0
1.7500000000000002
0.0
0.0
98.25
0.0
3.6249999999999996
90.625
0.0
5.75
0.0
1.375
93.625
0.0
5.0
0.0
SAMKNN 5000 1 2 2 uniform maxACCApprox 10000 800 1000
2.0
98.0
0.0
0.0
0.0
2.0
0.0
98.0
0.0
0.0
100.0
0.0
0.0
0.0
0.0
100.0
0.0
0.0
0.0
0.0
26.625
73.375
0.0
0.0
0.0
22.5
77.5
0.0
0.0
0.0
2.0
98.0
0.0
0.0
0.0
2.0
0.0
98.0
0.0
0.0
20.5
0.0
0.0
79.5
0.0
100.0
0.0
0.0
0.0
0.0
26.625
73.375
0.0
0.0
0.0
21.875
78.125
0.0
0.0
0.0
1.875
98.0
0.0
0.125
0.0
1.875
0.0
98.0
0.125
0.0
5.25
0.0
0.0
94.75
0.0
99.875
0.0
0.0
0.125
0.0
20.25
72.5
0.0
7.249999999999999
0.0
21.625
78.125
0.0
0.25
0.0
SAMKNN 5000 2 2 2 uniform maxACCApprox 10000 800 1000
1.5
98.5
0.0
0.0
0.0
1.375
0.0
98.625
0.0
0.0
100.0
0.0
0.0
0.0
0.0
100.0
0.0
0.0
0.0
0.0
11.0
89.0
0.0
0.0
0.0
10.0
90.0
0.0
0.0
0.0
1.375
98.625
0.0
0.0
0.0
1.375
0.0
98.625
0.0
0.0
17.125
0.0
0.0
82.875
0.0
98.875
0.0
0.0
1.125
0.0
11.375
88.625
0.0
0.0
0.0
10.25
89.75
0.0
0.0
0.0
1.375
98.5
0.0
0.125
0.0
1.25
0.0
98.625
0.125
0.0
2.375
0.0
0.0
97.625
0.0
93.875
0.0
0.0
6.125
0.0
11.25
77.625
0.0
11.125
0.0
10.125
89.25
0.0
0.625
0.0
SAMKNN 5000 5 2 2 uniform maxACCApprox 10000 800 1000
1.125
98.875
0.0
0.0
0.0
0.625
0.0
99.375
0.0
0.0
61.75000000000001
38.25
0.0
0.0
0.0
100.0
0.0
0.0
0.0
0.0
7.375
92.625
0.0
0.0
0.0
5.875
94.125
0.0
0.0
0.0
1.125
98.875
0.0
0.0
0.0
0.625
0.0
99.375
0.0
0.0
8.125
0.0
0.0
91.875
0.0
15.625
0.0
0.0
84.375
0.0
7.625
92.375
0.0
0.0
0.0
6.125
93.875
0.0
0.0
0.0
1.0
98.875
0.0
0.125
0.0
0.5
0.0
99.375
0.125
0.0
1.125
0.0
0.0
98.875
0.0
9.125
0.0
0.0
90.875
0.0
3.5000000000000004
81.125
0.0
15.375
0.0
2.0
93.0
0.0
5.0
0.0
SAMKNN 5000 10 2 2 uniform maxACCApprox 10000 800 1000
1.125
98.875
0.0
0.0
0.0
0.625
0.0
99.375
0.0
0.0
7.000000000000001
93.0
0.0
0.0
0.0
96.125
3.875
0.0
0.0
0.0
4.0
96.0
0.0
0.0
0.0
2.0
98.0
0.0
0.0
0.0
1.125
98.875
0.0
0.0
0.0
0.625
0.0
99.375
0.0
0.0
1.875
0.0
0.0
98.125
0.0
6.875000000000001
1.375
0.0
91.75
0.0
3.75
95.375
0.0
0.8750000000000001
0.0
1.7500000000000002
97.375
0.0
0.8750000000000001
0.0
1.0
98.875
0.0
0.125
0.0
0.5
0.0
99.375
0.125
0.0
1.0
0.0
0.0
99.0
0.0
4.5
0.0
0.0
95.5
0.0
3.125
81.0
0.0
15.875
0.0
1.125
93.25
0.0
5.625
0.0
SAMKNN 5000 20 2 2 uniform maxACCApprox 10000 800 1000
0.75
99.25
0.0
0.0
0.0
0.625
0.0
99.375
0.0
0.0
1.5
98.5
0.0
0.0
0.0
1.5
98.5
0.0
0.0
0.0
3.0
97.0
0.0
0.0
0.0
1.0
99.0
0.0
0.0
0.0
0.8750000000000001
99.125
0.0
0.0
0.0
0.625
0.0
99.375
0.0
0.0
1.5
0.125
0.0
98.375
0.0
1.5
1.125
0.0
97.375
0.0
3.375
93.875
0.0
2.75
0.0
1.125
96.125
0.0
2.75
0.0
0.75
99.125
0.0
0.125
0.0
0.5
0.0
99.375
0.125
0.0
0.75
0.0
0.0
99.25
0.0
1.25
0.375
0.0
98.375
0.0
3.0
81.25
0.0
15.75
0.0
0.75
93.625
0.0
5.625
0.0
SAMKNN 5000 1 5 2 uniform maxACCApprox 10000 800 1000
2.625
97.375
0.0
0.0
0.0
2.875
0.0
97.125
0.0
0.0
100.0
0.0
0.0
0.0
0.0
100.0
0.0
0.0
0.0
0.0
27.875
72.125
0.0
0.0
0.0
23.125
76.875
0.0
0.0
0.0
2.625
97.375
0.0
0.0
0.0
2.875
0.0
97.125
0.0
0.0
68.875
0.0
0.0
31.125000000000004
0.0
100.0
0.0
0.0
0.0
0.0
27.0
73.0
0.0
0.0
0.0
22.875
77.125
0.0
0.0
0.0
2.625
97.375
0.0
0.0
0.0
2.875
0.0
97.125
0.0
0.0
7.124999999999999
0.0
0.0
92.875
0.0
100.0
0.0
0.0
0.0
0.0
27.0
73.0
0.0
0.0
0.0
22.875
77.125
0.0
0.0
0.0
SAMKNN 5000 2 5 2 uniform maxACCApprox 10000 800 1000
2.375
97.625
0.0
0.0
0.0
2.375
0.0
97.625
0.0
0.0
100.0
0.0
0.0
0.0
0.0
100.0
0.0
0.0
0.0
0.0
12.125
87.875
0.0
0.0
0.0
10.875
89.125
0.0
0.0
0.0
2.375
97.625
0.0
0.0
0.0
2.375
0.0
97.625
0.0
0.0
21.0
0.0
0.0
79.0
0.0
100.0
0.0
0.0
0.0
0.0
12.0
88.0
0.0
0.0
0.0
10.5
89.5
0.0
0.0
0.0
2.375
97.625
0.0
0.0
0.0
2.375
0.0
97.625
0.0
0.0
3.6249999999999996
0.0
0.0
96.375
0.0
96.75
0.0
0.0
3.25
0.0
12.0
85.375
0.0
2.625
0.0
10.5
89.125
0.0
0.375
0.0
SAMKNN 5000 5 5 2 uniform maxACCApprox 10000 800 1000
1.7500000000000002
98.25
0.0
0.0
0.0
1.7500000000000002
0.0
98.25
0.0
0.0
61.875
38.125
0.0
0.0
0.0
100.0
0.0
0.0
0.0
0.0
7.5
92.5
0.0
0.0
0.0
6.0
94.0
0.0
0.0
0.0
1.7500000000000002
98.25
0.0
0.0
0.0
1.7500000000000002
0.0
98.25
0.0
0.0
13.375
0.0
0.0
86.625
0.0
100.0
0.0
0.0
0.0
0.0
7.625
92.375
0.0
0.0
0.0
6.0
94.0
0.0
0.0
0.0
1.7500000000000002
98.25
0.0
0.0
0.0
1.7500000000000002
0.0
98.25
0.0
0.0
1.875
0.0
0.0
98.125
0.0
9.875
0.0
0.0
90.125
0.0
4.125
89.375
0.0
6.5
0.0
2.375
93.125
0.0
4.5
0.0
SAMKNN 5000 10 5 2 uniform maxACCApprox 10000 800 1000
1.25
98.75
0.0
0.0
0.0
1.125
0.0
98.875
0.0
0.0
7.375
92.625
0.0
0.0
0.0
96.875
3.125
0.0
0.0
0.0
4.375
95.625
0.0
0.0
0.0
2.375
97.625
0.0
0.0
0.0
1.25
98.75
0.0
0.0
0.0
1.0
0.0
99.0
0.0
0.0
6.875000000000001
0.0
0.0
93.125
0.0
8.25
1.375
0.0
90.375
0.0
4.375
95.625
0.0
0.0
0.0
2.375
97.625
0.0
0.0
0.0
1.25
98.75
0.0
0.0
0.0
1.0
0.0
99.0
0.0
0.0
1.5
0.0
0.0
98.5
0.0
5.875
0.0
0.0
94.125
0.0
3.5000000000000004
89.625
0.0
6.875000000000001
0.0
1.5
93.375
0.0
5.125
0.0
SAMKNN 5000 20 5 2 uniform maxACCApprox 10000 800 1000
1.125
98.875
0.0
0.0
0.0
0.8750000000000001
0.0
99.125
0.0
0.0
1.875
98.125
0.0
0.0
0.0
1.7500000000000002
98.25
0.0
0.0
0.0
3.5000000000000004
96.5
0.0
0.0
0.0
1.25
98.75
0.0
0.0
0.0
1.125
98.875
0.0
0.0
0.0
0.8750000000000001
0.0
99.125
0.0
0.0
1.875
2.0
0.0
96.125
0.0
1.7500000000000002
4.0
0.0
94.25
0.0
3.5000000000000004
96.5
0.0
0.0
0.0
1.25
98.75
0.0
0.0
0.0
1.125
98.875
0.0
0.0
0.0
0.8750000000000001
0.0
99.125
0.0
0.0
1.375
0.0
0.0
98.625
0.0
1.625
0.0
0.0
98.375
0.0
3.375
89.125
0.0
7.5
0.0
1.125
93.625
0.0
5.25
0.0
SAMKNN 5000 1 2 5 distance maxACC 10000 800 1000
2.25
97.75
0.0
0.0
0.0
2.125
0.125
97.75
0.0
0.0
99.875
0.125
0.0
0.0
0.0
99.875
0.125
0.0
0.0
0.0
26.5
73.5
0.0
0.0
0.0
21.75
78.25
0.0
0.0
0.0
3.5000000000000004
96.5
0.0
0.0
0.0
2.5
0.0
97.5
0.0
0.0
17.125
0.0
0.0
82.875
0.0
100.0
0.0
0.0
0.0
0.0
26.625
73.375
0.0
0.0
0.0
21.875
78.125
0.0
0.0
0.0
0.0
96.375
0.0
0.0
3.6249999999999996
0.0
0.0
97.5
0.0
2.5
0.0
0.0
0.0
93.25
6.75
0.0
0.0
0.0
0.0
100.0
0.0
72.5
0.0
7.124999999999999
20.375
0.0
78.125
0.0
0.125
21.75
SAMKNN 5000 2 2 5 distance maxACC 10000 800 1000
1.875
98.125
0.0
0.0
0.0
1.7500000000000002
0.125
98.125
0.0
0.0
99.875
0.125
0.0
0.0
0.0
99.875
0.125
0.0
0.0
0.0
10.875
89.125
0.0
0.0
0.0
9.75
90.25
0.0
0.0
0.0
2.875
97.125
0.0
0.0
0.0
2.375
0.0
97.625
0.0
0.0
6.625
0.0
0.0
93.375
0.0
96.375
0.0
0.0
3.6249999999999996
0.0
11.625
88.375
0.0
0.0
0.0
9.875
89.75
0.0
0.375
0.0
3.0
97.0
0.0
0.0
0.0
2.375
0.0
97.625
0.0
0.0
3.0
0.0
0.0
97.0
0.0
5.875
0.0
0.0
4.75
89.375
11.625
77.75
0.0
10.625
0.0
9.875
89.625
0.0
0.5
0.0
SAMKNN 5000 5 2 5 distance maxACC 10000 800 1000
1.7500000000000002
98.25
0.0
0.0
0.0
1.125
0.125
98.75
0.0
0.0
61.5
38.5
0.0
0.0
0.0
99.875
0.125
0.0
0.0
0.0
7.249999999999999
92.75
0.0
0.0
0.0
5.75
94.25
0.0
0.0
0.0
2.625
97.375
0.0
0.0
0.0
1.625
0.0
98.375
0.0
0.0
2.875
0.0
0.0
97.125
0.0
13.0
0.0
0.0
87.0
0.0
9.0
89.75
0.0
1.25
0.0
5.875
93.75
0.0
0.375
0.0
2.75
97.25
0.0
0.0
0.0
1.7500000000000002
0.0
98.25
0.0
0.0
2.25
0.0
0.0
97.75
0.0
3.125
0.0
0.0
5.125
91.75
5.625
79.5
0.0
14.875
0.0
2.5
93.125
0.0
4.375
0.0
SAMKNN 5000 10 2 5 distance maxACC 10000 800 1000
1.625
98.375
0.0
0.0
0.0
1.0
0.125
98.875
0.0
0.0
6.875000000000001
93.125
0.0
0.0
0.0
96.125
3.875
0.0
0.0
0.0
4.125
95.875
0.0
0.0
0.0
2.125
97.875
0.0
0.0
0.0
2.5
97.5
0.0
0.0
0.0
1.5
0.0
98.5
0.0
0.0
2.25
0.0
0.0
97.75
0.0
6.375
0.0
0.0
93.625
0.0
5.25
92.5
0.0
2.25
0.0
2.25
95.25
0.0
2.5
0.0
2.625
97.375
0.0
0.0
0.0
1.625
0.0
98.375
0.0
0.0
2.0
0.0
0.0
98.0
0.0
2.375
0.0
0.0
6.125
91.5
5.5
79.25
0.0
15.25
0.0
2.0
93.25
0.0
4.75
0.0
SAMKNN 5000 20 2 5 distance maxACC 10000 800 1000
1.0
99.0
0.0
0.0
0.0
0.8750000000000001
0.125
99.0
0.0
0.0
1.875
98.125
0.0
0.0
0.0
1.875
98.125
0.0
0.0
0.0
3.25
96.75
0.0
0.0
0.0
1.5
98.5
0.0
0.0
0.0
2.0
97.875
0.0
0.125
0.0
1.375
0.0
98.625
0.0
0.0
1.875
0.0
0.0
98.125
0.0
2.125
0.0
0.0
97.875
0.0
4.625
92.5
0.0
2.875
0.0
2.0
95.375
0.0
2.625
0.0
1.625
97.875
0.0
0.5
0.0
1.5
0.0
98.5
0.0
0.0
1.7500000000000002
0.0
0.0
98.25
0.0
2.0
0.0
0.0
6.25
91.75
4.875
79.25
0.0
15.875
0.0
1.875
93.25
0.0
4.875
0.0
SAMKNN 5000 1 5 5 distance maxACC 10000 800 1000
2.875
97.125
0.0
0.0
0.0
3.0
0.0
97.0
0.0
0.0
100.0
0.0
0.0
0.0
0.0
100.0
0.0
0.0
0.0
0.0
26.875
73.125
0.0
0.0
0.0
22.875
77.125
0.0
0.0
0.0
3.375
96.625
0.0
0.0
0.0
2.875
0.0
97.125
0.0
0.0
18.375
0.0
0.0
81.625
0.0
100.0
0.0
0.0
0.0
0.0
26.875
73.125
0.0
0.0
0.0
22.875
77.125
0.0
0.0
0.0
3.5000000000000004
96.5
0.0
0.0
0.0
2.875
0.0
97.125
0.0
0.0
7.875
0.0
0.0
92.125
0.0
95.25
0.0
0.0
0.0
4.75
26.875
73.0
0.0
0.125
0.0
22.875
77.125
0.0
0.0
0.0
SAMKNN 5000 2 5 5 distance maxACC 10000 800 1000
2.5
97.5
0.0
0.0
0.0
2.5
0.0
97.5
0.0
0.0
100.0
0.0
0.0
0.0
0.0
100.0
0.0
0.0
0.0
0.0
11.875
88.125
0.0
0.0
0.0
10.375
89.625
0.0
0.0
0.0
3.25
96.75
0.0
0.0
0.0
2.625
0.0
97.375
0.0
0.0
11.625
0.0
0.0
88.375
0.0
97.375
0.0
0.0
2.625
0.0
11.875
88.125
0.0
0.0
0.0
10.375
89.625
0.0
0.0
0.0
3.25
96.75
0.0
0.0
0.0
2.625
0.0
97.375
0.0
0.0
4.25
0.0
0.0
95.75
0.0
11.375
0.0
0.0
3.6249999999999996
85.0
11.875
86.875
0.0
1.25
0.0
10.375
89.25
0.0
0.375
0.0
SAMKNN 5000 5 5 5 distance maxACC 10000 800 1000
2.125
97.875
0.0
0.0
0.0
2.25
0.0
97.75
0.0
0.0
61.75000000000001
38.25
0.0
0.0
0.0
100.0
0.0
0.0
0.0
0.0
7.5
92.5
0.0
0.0
0.0
6.0
94.0
0.0
0.0
0.0
2.875
97.125
0.0
0.0
0.0
2.5
0.0
97.5
0.0
0.0
4.75
0.0
0.0
95.25
0.0
13.5
0.0
0.0
86.5
0.0
9.125
90.875
0.0
0.0
0.0
6.0
94.0
0.0
0.0
0.0
3.0
97.0
0.0
0.0
0.0
2.5
0.0
97.5
0.0
0.0
2.375
0.0
0.0
97.625
0.0
3.375
0.0
0.0
10.375
86.25
6.25
88.75
0.0
5.0
0.0
3.125
93.125
0.0
3.75
0.0
SAMKNN 5000 10 5 5 distance maxACC 10000 800 1000
1.875
98.125
0.0
0.0
0.0
1.625
0.0
98.375
0.0
0.0
7.249999999999999
92.75
0.0
0.0
0.0
97.0
3.0
0.0
0.0
0.0
4.5
95.5
0.0
0.0
0.0
2.5
97.5
0.0
0.0
0.0
2.625
97.375
0.0
0.0
0.0
1.875
0.0
98.125
0.0
0.0
3.25
0.0
0.0
96.75
0.0
7.124999999999999
0.125
0.0
92.75
0.0
6.25
93.75
0.0
0.0
0.0
3.0
97.0
0.0
0.0
0.0
2.75
97.25
0.0
0.0
0.0
2.0
0.0
98.0
0.0
0.0
2.125
0.0
0.0
97.875
0.0
2.75
0.0
0.0
77.375
19.875
5.625
85.5
0.0
8.875
0.0
2.125
93.25
0.0
4.625
0.0
SAMKNN 5000 20 5 5 distance maxACC 10000 800 1000
1.7500000000000002
98.25
0.0
0.0
0.0
1.375
0.0
98.625
0.0
0.0
2.25
97.75
0.0
0.0
0.0
2.25
97.75
0.0
0.0
0.0
4.125
95.875
0.0
0.0
0.0
1.875
98.125
0.0
0.0
0.0
2.25
97.75
0.0
0.0
0.0
1.625
0.0
98.375
0.0
0.0
2.5
0.0
0.0
97.5
0.0
2.625
0.75
0.0
96.625
0.0
5.125
94.875
0.0
0.0
0.0
2.625
97.375
0.0
0.0
0.0
2.0
97.75
0.0
0.25
0.0
1.7500000000000002
0.0
98.25
0.0
0.0
1.875
0.0
0.0
98.125
0.0
2.125
0.0
0.0
12.25
85.625
5.0
89.125
0.0
5.875
0.0
2.0
93.25
0.0
4.75
0.0
SAMKNN 5000 1 2 5 distance maxACCApprox 10000 800 1000
2.25
97.75
0.0
0.0
0.0
2.125
0.125
97.75
0.0
0.0
99.875
0.125
0.0
0.0
0.0
99.875
0.125
0.0
0.0
0.0
26.5
73.5
0.0
0.0
0.0
21.875
78.125
0.0
0.0
0.0
3.375
96.625
0.0
0.0
0.0
2.5
0.0
97.5
0.0
0.0
17.125
0.0
0.0
82.875
0.0
100.0
0.0
0.0
0.0
0.0
26.625
73.375
0.0
0.0
0.0
22.0
78.0
0.0
0.0
0.0
3.375
96.5
0.0
0.125
0.0
2.375
0.0
97.5
0.125
0.0
6.5
0.0
0.0
93.5
0.0
99.875
0.0
0.0
0.125
0.0
20.25
72.5
0.0
7.249999999999999
0.0
21.75
78.0
0.0
0.25
0.0
SAMKNN 5000 2 2 5 distance maxACCApprox 10000 800 1000
1.875
98.125
0.0
0.0
0.0
1.7500000000000002
0.125
98.125
0.0
0.0
99.875
0.125
0.0
0.0
0.0
99.875
0.125
0.0
0.0
0.0
10.875
89.125
0.0
0.0
0.0
9.75
90.25
0.0
0.0
0.0
2.875
97.125
0.0
0.0
0.0
2.375
0.0
97.625
0.0
0.0
7.375
0.0
0.0
92.625
0.0
96.625
0.0
0.0
3.375
0.0
11.625
87.25
0.0
1.125
0.0
9.875
89.75
0.0
0.375
0.0
2.875
97.0
0.0
0.125
0.0
2.25
0.0
97.625
0.125
0.0
2.875
0.0
0.0
97.125
0.0
3.6249999999999996
0.0
0.0
4.625
91.75
11.5
77.625
0.0
10.875
0.0
9.75
89.625
0.0
0.625
0.0
SAMKNN 5000 5 2 5 distance maxACCApprox 10000 800 1000
1.7500000000000002
98.25
0.0
0.0
0.0
1.125
0.125
98.75
0.0
0.0
61.5
38.5
0.0
0.0
0.0
99.875
0.125
0.0
0.0
0.0
7.249999999999999
92.75
0.0
0.0
0.0
5.75
94.25
0.0
0.0
0.0
2.625
97.375
0.0
0.0
0.0
1.625
0.0
98.375
0.0
0.0
2.875
0.0
0.0
97.125
0.0
10.75
0.0
0.0
89.25
0.0
8.375
90.75
0.0
0.8750000000000001
0.0
5.25
93.625
0.0
1.125
0.0
2.625
97.25
0.0
0.125
0.0
1.625
0.0
98.25
0.125
0.0
2.125
0.0
0.0
97.875
0.0
3.0
0.0
0.0
5.375
91.625
5.5
79.875
0.0
14.625
0.0
2.375
93.125
0.0
4.5
0.0
SAMKNN 5000 10 2 5 distance maxACCApprox 10000 800 1000
1.625
98.375
0.0
0.0
0.0
1.0
0.125
98.875
0.0
0.0
6.875000000000001
93.125
0.0
0.0
0.0
96.125
3.875
0.0
0.0
0.0
4.125
95.875
0.0
0.0
0.0
2.125
97.875
0.0
0.0
0.0
2.5
97.5
0.0
0.0
0.0
1.5
0.0
98.5
0.0
0.0
2.25
0.0
0.0
97.75
0.0
6.5
0.0
0.0
93.5
0.0
5.25
91.125
0.0
3.6249999999999996
0.0
2.25
94.75
0.0
3.0
0.0
2.5
97.375
0.0
0.125
0.0
1.5
0.0
98.375
0.125
0.0
1.875
0.0
0.0
98.125
0.0
2.125
0.0
0.0
6.125
91.75
5.375
79.125
0.0
15.5
0.0
1.875
93.25
0.0
4.875
0.0
SAMKNN 5000 20 2 5 distance maxACCApprox 10000 800 1000
1.0
99.0
0.0
0.0
0.0
0.8750000000000001
0.125
99.0
0.0
0.0
1.875
98.125
0.0
0.0
0.0
1.875
98.125
0.0
0.0
0.0
3.25
96.75
0.0
0.0
0.0
1.5
98.5
0.0
0.0
0.0
2.0
97.875
0.0
0.125
0.0
1.375
0.0
98.625
0.0
0.0
1.875
0.0
0.0
98.125
0.0
2.125
0.0
0.0
97.875
0.0
4.625
91.875
0.0
3.5000000000000004
0.0
2.0
95.625
0.0
2.375
0.0
1.5
97.875
0.0
0.625
0.0
1.375
0.0
98.5
0.125
0.0
1.625
0.0
0.0
98.375
0.0
1.875
0.0
0.0
7.5
90.625
4.75
79.875
0.0
15.375
0.0
1.7500000000000002
93.25
0.0
5.0
0.0
SAMKNN 5000 1 5 5 distance maxACCApprox 10000 800 1000
2.875
97.125
0.0
0.0
0.0
3.0
0.0
97.0
0.0
0.0
100.0
0.0
0.0
0.0
0.0
100.0
0.0
0.0
0.0
0.0
26.875
73.125
0.0
0.0
0.0
22.875
77.125
0.0
0.0
0.0
3.25
96.75
0.0
0.0
0.0
2.875
0.0
97.125
0.0
0.0
17.875
0.0
0.0
82.125
0.0
100.0
0.0
0.0
0.0
0.0
26.875
73.125
0.0
0.0
0.0
22.875
77.125
0.0
0.0
0.0
3.375
96.625
0.0
0.0
0.0
2.875
0.0
97.125
0.0
0.0
7.5
0.0
0.0
92.5
0.0
18.375
0.0
0.0
0.0
81.625
26.875
73.125
0.0
0.0
0.0
22.875
77.125
0.0
0.0
0.0
SAMKNN 5000 2 5 5 distance maxACCApprox 10000 800 1000
2.5
97.5
0.0
0.0
0.0
2.5
0.0
97.5
0.0
0.0
100.0
0.0
0.0
0.0
0.0
100.0
0.0
0.0
0.0
0.0
11.875
88.125
0.0
0.0
0.0
10.375
89.625
0.0
0.0
0.0
3.125
96.875
0.0
0.0
0.0
2.625
0.0
97.375
0.0
0.0
11.5
0.0
0.0
88.5
0.0
97.5
0.0
0.0
2.5
0.0
11.875
88.125
0.0
0.0
0.0
10.375
89.625
0.0
0.0
0.0
3.125
96.875
0.0
0.0
0.0
2.625
0.0
97.375
0.0
0.0
3.75
0.0
0.0
96.25
0.0
13.0
0.0
0.0
3.375
83.625
11.875
87.0
0.0
1.125
0.0
10.375
89.25
0.0
0.375
0.0
SAMKNN 5000 5 5 5 distance maxACCApprox 10000 800 1000
2.125
97.875
0.0
0.0
0.0
2.25
0.0
97.75
0.0
0.0
61.875
38.125
0.0
0.0
0.0
100.0
0.0
0.0
0.0
0.0
7.5
92.5
0.0
0.0
0.0
6.0
94.0
0.0
0.0
0.0
2.75
97.25
0.0
0.0
0.0
2.5
0.0
97.5
0.0
0.0
5.25
0.0
0.0
94.75
0.0
13.625000000000002
0.0
0.0
86.375
0.0
9.125
90.875
0.0
0.0
0.0
6.0
94.0
0.0
0.0
0.0
2.875
97.125
0.0
0.0
0.0
2.5
0.0
97.5
0.0
0.0
2.25
0.0
0.0
97.75
0.0
3.375
0.0
0.0
11.125
85.5
5.75
88.875
0.0
5.375
0.0
2.625
93.125
0.0
4.25
0.0
SAMKNN 5000 10 5 5 distance maxACCApprox 10000 800 1000
1.875
98.125
0.0
0.0
0.0
1.625
0.0
98.375
0.0
0.0
7.249999999999999
92.75
0.0
0.0
0.0
97.0
3.0
0.0
0.0
0.0
4.5
95.5
0.0
0.0
0.0
2.5
97.5
0.0
0.0
0.0
2.5
97.5
0.0
0.0
0.0
1.7500000000000002
0.0
98.25
0.0
0.0
3.25
0.0
0.0
96.75
0.0
7.124999999999999
0.25
0.0
92.625
0.0
6.25
93.75
0.0
0.0
0.0
3.0
97.0
0.0
0.0
0.0
2.625
97.375
0.0
0.0
0.0
1.875
0.0
98.125
0.0
0.0
2.125
0.0
0.0
97.875
0.0
2.5
0.0
0.0
11.5
86.0
5.625
88.625
0.0
5.75
0.0
2.125
93.25
0.0
4.625
0.0
SAMKNN 5000 20 5 5 distance maxACCApprox 10000 800 1000
1.7500000000000002
98.25
0.0
0.0
0.0
1.375
0.0
98.625
0.0
0.0
2.25
97.75
0.0
0.0
0.0
2.25
97.75
0.0
0.0
0.0
4.125
95.875
0.0
0.0
0.0
1.875
98.125
0.0
0.0
0.0
2.25
97.75
0.0
0.0
0.0
1.625
0.0
98.375
0.0
0.0
2.5
0.0
0.0
97.5
0.0
2.625
0.75
0.0
96.625
0.0
5.125
94.875
0.0
0.0
0.0
2.625
97.375
0.0
0.0
0.0
1.875
97.75
0.0
0.375
0.0
1.7500000000000002
0.0
98.25
0.0
0.0
2.0
0.0
0.0
98.0
0.0
2.0
0.0
0.0
22.25
75.75
5.0
89.625
0.0
5.375
0.0
2.0
93.25
0.0
4.75
0.0
SAMKNN 5000 1 2 5 uniform maxACC 10000 800 1000
2.125
97.875
0.0
0.0
0.0
2.0
0.0
98.0
0.0
0.0
100.0
0.0
0.0
0.0
0.0
100.0
0.0
0.0
0.0
0.0
27.0
73.0
0.0
0.0
0.0
22.5
77.5
0.0
0.0
0.0
0.0
97.5
0.0
2.5
0.0
0.0
0.0
98.0
2.0
0.0
0.0
0.0
0.0
100.0
0.0
0.0
0.0
0.0
100.0
0.0
0.0
73.0
0.0
27.0
0.0
0.0
78.125
0.0
21.875
0.0
0.0
97.25
0.0
0.0
2.75
0.0
0.0
98.0
0.0
2.0
0.0
0.0
0.0
92.5
7.5
0.0
0.0
0.0
0.0
100.0
0.0
72.125
0.0
7.124999999999999
20.75
0.0
78.125
0.0
0.125
21.75
SAMKNN 5000 2 2 5 uniform maxACC 10000 800 1000
1.5
98.5
0.0
0.0
0.0
1.375
0.0
98.625
0.0
0.0
100.0
0.0
0.0
0.0
0.0
100.0
0.0
0.0
0.0
0.0
11.5
88.5
0.0
0.0
0.0
9.875
90.125
0.0
0.0
0.0
2.375
97.625
0.0
0.0
0.0
2.25
0.0
97.75
0.0
0.0
88.25
0.0
0.0
11.75
0.0
100.0
0.0
0.0
0.0
0.0
12.0
88.0
0.0
0.0
0.0
10.25
89.75
0.0
0.0
0.0
2.375
97.625
0.0
0.0
0.0
2.25
0.0
97.75
0.0
0.0
3.125
0.0
0.0
96.875
0.0
19.875
0.0
0.0
4.75
75.375
12.0
77.5
0.0
10.5
0.0
10.25
89.25
0.0
0.5
0.0
SAMKNN 5000 5 2 5 uniform maxACC 10000 800 1000
1.25
98.75
0.0
0.0
0.0
0.625
0.0
99.375
0.0
0.0
61.625
38.375
0.0
0.0
0.0
100.0
0.0
0.0
0.0
0.0
7.375
92.625
0.0
0.0
0.0
5.875
94.125
0.0
0.0
0.0
2.125
97.875
0.0
0.0
0.0
1.125
0.0
98.875
0.0
0.0
4.625
0.0
0.0
95.375
0.0
14.499999999999998
0.0
0.0
85.5
0.0
9.25
90.75
0.0
0.0
0.0
6.125
93.875
0.0
0.0
0.0
2.375
97.625
0.0
0.0
0.0
1.25
0.0
98.75
0.0
0.0
2.25
0.0
0.0
97.75
0.0
6.0
0.0
0.0
90.0
4.0
5.75
79.5
0.0
14.75
0.0
2.625
93.0
0.0
4.375
0.0
SAMKNN 5000 10 2 5 uniform maxACC 10000 800 1000
1.125
98.875
0.0
0.0
0.0
0.625
0.0
99.375
0.0
0.0
7.000000000000001
93.0
0.0
0.0
0.0
96.125
3.875
0.0
0.0
0.0
4.0
96.0
0.0
0.0
0.0
2.0
98.0
0.0
0.0
0.0
2.125
97.875
0.0
0.0
0.0
1.375
0.0
98.625
0.0
0.0
3.6249999999999996
1.25
0.0
95.125
0.0
12.75
0.625
0.0
86.625
0.0
5.625
94.375
0.0
0.0
0.0
2.5
97.5
0.0
0.0
0.0
2.25
97.75
0.0
0.0
0.0
1.5
0.0
98.5
0.0
0.0
2.0
0.0
0.0
98.0
0.0
2.25
0.125
0.0
6.5
91.125
5.5
79.875
0.0
14.625
0.0
2.0
93.125
0.0
4.875
0.0
SAMKNN 5000 20 2 5 uniform maxACC 10000 800 1000
0.75
99.25
0.0
0.0
0.0
0.625
0.0
99.375
0.0
0.0
1.5
98.5
0.0
0.0
0.0
1.625
98.375
0.0
0.0
0.0
3.0
97.0
0.0
0.0
0.0
1.0
99.0
0.0
0.0
0.0
1.625
98.375
0.0
0.0
0.0
0.8750000000000001
0.0
99.125
0.0
0.0
2.25
1.125
0.0
96.625
0.0
2.125
1.125
0.0
96.75
0.0
4.625
95.375
0.0
0.0
0.0
2.0
98.0
0.0
0.0
0.0
1.875
98.125
0.0
0.0
0.0
1.0
0.0
99.0
0.0
0.0
1.7500000000000002
0.0
0.0
98.25
0.0
2.0
0.125
0.0
89.5
8.375
4.875
79.75
0.0
15.375
0.0
1.875
93.125
0.0
5.0
0.0
SAMKNN 5000 1 5 5 uniform maxACC 10000 800 1000
2.875
97.125
0.0
0.0
0.0
3.0
0.0
97.0
0.0
0.0
100.0
0.0
0.0
0.0
0.0
100.0
0.0
0.0
0.0
0.0
27.0
73.0
0.0
0.0
0.0
22.875
77.125
0.0
0.0
0.0
3.25
96.75
0.0
0.0
0.0
2.875
0.0
97.125
0.0
0.0
100.0
0.0
0.0
0.0
0.0
100.0
0.0
0.0
0.0
0.0
27.0
73.0
0.0
0.0
0.0
22.875
77.125
0.0
0.0
0.0
3.25
96.75
0.0
0.0
0.0
2.875
0.0
97.125
0.0
0.0
8.25
0.0
0.0
91.75
0.0
100.0
0.0
0.0
0.0
0.0
27.0
73.0
0.0
0.0
0.0
22.875
77.125
0.0
0.0
0.0
SAMKNN 5000 2 5 5 uniform maxACC 10000 800 1000
2.5
97.5
0.0
0.0
0.0
2.375
0.0
97.625
0.0
0.0
100.0
0.0
0.0
0.0
0.0
100.0
0.0
0.0
0.0
0.0
12.0
88.0
0.0
0.0
0.0
10.5
89.5
0.0
0.0
0.0
2.75
97.25
0.0
0.0
0.0
2.0
0.0
98.0
0.0
0.0
97.5
0.0
0.0
2.5
0.0
100.0
0.0
0.0
0.0
0.0
12.5
87.5
0.0
0.0
0.0
10.25
89.75
0.0
0.0
0.0
3.0
97.0
0.0
0.0
0.0
2.375
0.0
97.625
0.0
0.0
4.5
0.0
0.0
95.5
0.0
96.5
0.0
0.0
3.5000000000000004
0.0
12.5
85.25
0.0
2.25
0.0
10.5
89.25
0.0
0.25
0.0
SAMKNN 5000 5 5 5 uniform maxACC 10000 800 1000
1.875
98.125
0.0
0.0
0.0
1.875
0.0
98.125
0.0
0.0
61.75000000000001
38.25
0.0
0.0
0.0
100.0
0.0
0.0
0.0
0.0
8.375
91.625
0.0
0.0
0.0
6.0
94.0
0.0
0.0
0.0
2.625
97.375
0.0
0.0
0.0
2.375
0.0
97.625
0.0
0.0
61.875
38.125
0.0
0.0
0.0
100.0
0.0
0.0
0.0
0.0
9.25
90.75
0.0
0.0
0.0
6.125
93.875
0.0
0.0
0.0
2.625
97.375
0.0
0.0
0.0
2.375
0.0
97.625
0.0
0.0
2.375
0.0
0.0
97.625
0.0
8.75
0.0
0.0
90.0
1.25
6.25
89.375
0.0
4.375
0.0
3.125
93.125
0.0
3.75
0.0
SAMKNN 5000 10 5 5 uniform maxACC 10000 800 1000
1.375
98.625
0.0
0.0
0.0
1.0
0.0
99.0
0.0
0.0
7.375
92.625
0.0
0.0
0.0
96.75
3.25
0.0
0.0
0.0
4.375
95.625
0.0
0.0
0.0
2.375
97.625
0.0
0.0
0.0
2.25
97.75
0.0
0.0
0.0
1.375
0.0
98.625
0.0
0.0
7.000000000000001
4.5
0.0
88.5
0.0
8.0
1.0
0.0
91.0
0.0
6.0
94.0
0.0
0.0
0.0
2.625
97.375
0.0
0.0
0.0
2.375
97.625
0.0
0.0
0.0
1.5
0.0
98.5
0.0
0.0
2.375
0.0
0.0
97.625
0.0
6.25
0.0
0.0
93.75
0.0
6.0
87.875
0.0
6.125
0.0
2.5
93.375
0.0
4.125
0.0
SAMKNN 5000 20 5 5 uniform maxACC 10000 800 1000
