SAMKNN 2000 1 2 2 distance maxACC 8000 400 800
4.0
96.0
0.0
0.0
0.0
4.25
0.0
95.75
0.0
0.0
91.75
8.25
0.0
0.0
0.0
100.0
0.0
0.0
0.0
0.0
30.0
70.0
0.0
0.0
0.0
17.0
83.0
0.0
0.0
0.0
0.0
95.5
0.0
4.5
0.0
0.0
0.0
95.75
4.25
0.0
0.0
8.25
0.0
91.75
0.0
0.0
0.0
0.0
100.0
0.0
0.0
70.0
0.0
30.0
0.0
0.0
83.0
0.0
17.0
0.0
0.0
95.0
0.0
0.0
5.0
0.0
0.0
94.25
0.0
5.75
0.0
0.0
0.0
94.75
5.25
0.0
0.0
0.0
0.0
100.0
0.0
62.5
0.0
10.5
27.0
0.0
80.75
0.0
2.0
17.25
SAMKNN 2000 2 2 2 distance maxACC 8000 400 800
2.5
97.5
0.0
0.0
0.0
3.25
0.0
96.75
0.0
0.0
68.75
31.25
0.0
0.0
0.0
100.0
0.0
0.0
0.0
0.0
14.000000000000002
86.0
0.0
0.0
0.0
11.5
88.5
0.0
0.0
0.0
4.0
96.0
0.0
0.0
0.0
3.25
0.0
96.75
0.0
0.0
67.75
32.25
0.0
0.0
0.0
100.0
0.0
0.0
0.0
0.0
14.000000000000002
86.0
0.0
0.0
0.0
11.5
88.5
0.0
0.0
0.0
4.0
96.0
0.0
0.0
0.0
3.75
0.0
96.25
0.0
0.0
3.25
0.0
0.0
96.75
0.0
97.5
0.0
0.0
2.5
0.0
14.249999999999998
69.25
0.0
16.5
0.0
12.25
84.25
0.0
3.5000000000000004
0.0
SAMKNN 2000 5 2 2 distance maxACC 8000 400 800
1.5
98.5
0.0
0.0
0.0
2.0
0.0
98.0
0.0
0.0
40.0
60.0
0.0
0.0
0.0
100.0
0.0
0.0
0.0
0.0
9.5
90.5
0.0
0.0
0.0
6.0
94.0
0.0
0.0
0.0
3.0
97.0
0.0
0.0
0.0
2.0
0.0
98.0
0.0
0.0
40.0
60.0
0.0
0.0
0.0
100.0
0.0
0.0
0.0
0.0
9.75
90.25
0.0
0.0
0.0
6.0
94.0
0.0
0.0
0.0
3.0
97.0
0.0
0.0
0.0
2.0
0.0
98.0
0.0
0.0
2.25
0.25
0.0
97.5
0.0
11.5
0.0
0.0
88.5
0.0
5.25
71.5
0.0
23.25
0.0
3.25
86.75
0.0
10.0
0.0
SAMKNN 2000 10 2 2 distance maxACC 8000 400 800
1.5
98.5
0.0
0.0
0.0
2.0
0.0
98.0
0.0
0.0
9.5
90.5
0.0
0.0
0.0
100.0
0.0
0.0
0.0
0.0
6.5
93.5
0.0
0.0
0.0
4.25
95.75
0.0
0.0
0.0
3.0
97.0
0.0
0.0
0.0
2.0
0.0
98.0
0.0
0.0
9.5
90.5
0.0
0.0
0.0
100.0
0.0
0.0
0.0
0.0
6.5
93.5
0.0
0.0
0.0
4.25
95.75
0.0
0.0
0.0
3.0
97.0
0.0
0.0
0.0
2.0
0.0
98.0
0.0
0.0
1.7500000000000002
0.5
0.0
97.75
0.0
5.25
0.0
0.0
94.25
0.5
4.25
71.25
0.0
24.5
0.0
1.7500000000000002
86.5
0.0
11.75
0.0
SAMKNN 2000 20 2 2 distance maxACC 8000 400 800
1.0
99.0
0.0
0.0
0.0
1.5
0.0
98.5
0.0
0.0
3.5000000000000004
96.5
0.0
0.0
0.0
3.75
96.25
0.0
0.0
0.0
5.25
94.75
0.0
0.0
0.0
2.75
97.25
0.0
0.0
0.0
2.0
98.0
0.0
0.0
0.0
1.5
0.0
98.5
0.0
0.0
4.0
96.0
0.0
0.0
0.0
4.25
95.75
0.0
0.0
0.0
5.75
94.25
0.0
0.0
0.0
3.25
96.75
0.0
0.0
0.0
2.0
98.0
0.0
0.0
0.0
2.0
0.0
98.0
0.0
0.0
1.7500000000000002
0.5
0.0
97.75
0.0
3.25
0.75
0.0
95.0
1.0
4.25
72.25
0.0
23.5
0.0
1.5
85.75
0.0
12.75
0.0
SAMKNN 2000 1 5 2 distance maxACC 8000 400 800
7.000000000000001
93.0
0.0
0.0
0.0
11.0
0.0
89.0
0.0
0.0
95.25
4.75
0.0
0.0
0.0
100.0
0.0
0.0
0.0
0.0
37.75
62.25000000000001
0.0
0.0
0.0
20.25
79.75
0.0
0.0
0.0
7.000000000000001
93.0
0.0
0.0
0.0
8.25
0.0
91.75
0.0
0.0
92.25
7.75
0.0
0.0
0.0
100.0
0.0
0.0
0.0
0.0
34.25
65.75
0.0
0.0
0.0
18.25
81.75
0.0
0.0
0.0
11.25
88.75
0.0
0.0
0.0
30.0
0.0
70.0
0.0
0.0
6.75
0.0
0.0
93.25
0.0
100.0
0.0
0.0
0.0
0.0
34.75
57.99999999999999
0.0
7.249999999999999
0.0
21.0
74.5
0.0
4.5
0.0
SAMKNN 2000 2 5 2 distance maxACC 8000 400 800
4.5
95.5
0.0
0.0
0.0
6.75
0.0
93.25
0.0
0.0
72.25
27.750000000000004
0.0
0.0
0.0
100.0
0.0
0.0
0.0
0.0
17.0
83.0
0.0
0.0
0.0
13.0
87.0
0.0
0.0
0.0
5.0
95.0
0.0
0.0
0.0
5.75
0.0
94.25
0.0
0.0
69.5
30.5
0.0
0.0
0.0
100.0
0.0
0.0
0.0
0.0
16.5
83.5
0.0
0.0
0.0
12.5
87.5
0.0
0.0
0.0
6.0
94.0
0.0
0.0
0.0
9.5
0.0
90.5
0.0
0.0
5.0
0.0
0.0
95.0
0.0
98.75
0.0
0.0
1.25
0.0
18.25
64.25
0.0
17.5
0.0
13.5
79.5
0.0
7.000000000000001
0.0
SAMKNN 2000 5 5 2 distance maxACC 8000 400 800
3.0
97.0
0.0
0.0
0.0
3.0
0.0
97.0
0.0
0.0
40.75
59.25
0.0
0.0
0.0
100.0
0.0
0.0
0.0
0.0
10.5
89.5
0.0
0.0
0.0
7.000000000000001
93.0
0.0
0.0
0.0
3.0
97.0
0.0
0.0
0.0
2.75
0.0
97.25
0.0
0.0
40.25
59.75
0.0
0.0
0.0
100.0
0.0
0.0
0.0
0.0
10.5
89.5
0.0
0.0
0.0
7.000000000000001
93.0
0.0
0.0
0.0
3.0
97.0
0.0
0.0
0.0
3.0
0.0
97.0
0.0
0.0
3.5000000000000004
0.0
0.0
96.5
0.0
12.5
0.0
0.0
87.5
0.0
5.75
68.25
0.0
26.0
0.0
4.0
81.25
0.0
14.75
0.0
SAMKNN 2000 10 5 2 distance maxACC 8000 400 800
2.5
97.5
0.0
0.0
0.0
2.5
0.0
97.5
0.0
0.0
10.75
89.25
0.0
0.0
0.0
100.0
0.0
0.0
0.0
0.0
6.75
93.25
0.0
0.0
0.0
4.5
95.5
0.0
0.0
0.0
3.0
97.0
0.0
0.0
0.0
2.5
0.0
97.5
0.0
0.0
10.75
89.25
0.0
0.0
0.0
100.0
0.0
0.0
0.0
0.0
6.75
93.25
0.0
0.0
0.0
4.5
95.5
0.0
0.0
0.0
3.0
97.0
0.0
0.0
0.0
2.5
0.0
97.5
0.0
0.0
2.0
0.5
0.0
97.5
0.0
5.25
0.0
0.0
93.25
1.5
4.75
70.25
0.0
25.0
0.0
2.5
83.5
0.0
14.000000000000002
0.0
SAMKNN 2000 20 5 2 distance maxACC 8000 400 800
2.0
98.0
0.0
0.0
0.0
2.0
0.0
98.0
0.0
0.0
4.0
96.0
0.0
0.0
0.0
5.0
95.0
0.0
0.0
0.0
5.75
94.25
0.0
0.0
0.0
3.25
96.75
0.0
0.0
0.0
2.5
97.5
0.0
0.0
0.0
2.0
0.0
98.0
0.0
0.0
4.0
96.0
0.0
0.0
0.0
5.0
95.0
0.0
0.0
0.0
5.75
94.25
0.0
0.0
0.0
3.25
96.75
0.0
0.0
0.0
2.5
97.5
0.0
0.0
0.0
2.0
0.0
98.0
0.0
0.0
2.0
0.5
0.0
97.5
0.0
3.5000000000000004
0.75
0.0
94.75
1.0
4.25
68.75
0.0
27.0
0.0
1.7500000000000002
82.5
0.0
15.75
0.0
SAMKNN 2000 1 2 2 distance maxACCApprox 8000 400 800
4.0
96.0
0.0
0.0
0.0
4.25
0.0
95.75
0.0
0.0
92.25
7.75
0.0
0.0
0.0
100.0
0.0
0.0
0.0
0.0
31.0
69.0
0.0
0.0
0.0
17.5
82.5
0.0
0.0
0.0
4.5
95.5
0.0
0.0
0.0
4.25
0.0
95.75
0.0
0.0
92.0
8.0
0.0
0.0
0.0
100.0
0.0
0.0
0.0
0.0
30.5
69.5
0.0
0.0
0.0
18.0
82.0
0.0
0.0
0.0
6.0
94.0
0.0
0.0
0.0
8.25
0.0
91.75
0.0
0.0
5.25
0.0
0.0
94.75
0.0
100.0
0.0
0.0
0.0
0.0
27.500000000000004
62.0
0.0
10.5
0.0
17.75
80.25
0.0
2.0
0.0
SAMKNN 2000 2 2 2 distance maxACCApprox 8000 400 800
2.5
97.5
0.0
0.0
0.0
3.25
0.0
96.75
0.0
0.0
68.5
31.5
0.0
0.0
0.0
100.0
0.0
0.0
0.0
0.0
14.249999999999998
85.75
0.0
0.0
0.0
11.75
88.25
0.0
0.0
0.0
4.0
96.0
0.0
0.0
0.0
3.25
0.0
96.75
0.0
0.0
60.75000000000001
28.000000000000004
0.0
11.25
0.0
100.0
0.0
0.0
0.0
0.0
14.000000000000002
86.0
0.0
0.0
0.0
11.5
88.5
0.0
0.0
0.0
4.5
95.5
0.0
0.0
0.0
3.5000000000000004
0.0
96.5
0.0
0.0
3.25
0.0
0.0
96.75
0.0
58.25
0.0
0.0
0.5
41.25
14.249999999999998
68.5
0.0
17.25
0.0
12.25
86.0
0.0
1.7500000000000002
0.0
SAMKNN 2000 5 2 2 distance maxACCApprox 8000 400 800
1.5
98.5
0.0
0.0
0.0
2.0
0.0
98.0
0.0
0.0
40.0
60.0
0.0
0.0
0.0
100.0
0.0
0.0
0.0
0.0
9.5
90.5
0.0
0.0
0.0
6.0
94.0
0.0
0.0
0.0
3.0
97.0
0.0
0.0
0.0
2.0
0.0
98.0
0.0
0.0
21.0
36.5
0.0
42.5
0.0
100.0
0.0
0.0
0.0
0.0
9.75
90.25
0.0
0.0
0.0
6.0
94.0
0.0
0.0
0.0
3.0
97.0
0.0
0.0
0.0
2.0
0.0
98.0
0.0
0.0
2.25
0.25
0.0
97.5
0.0
10.25
0.0
0.0
22.5
67.25
5.25
72.25
0.0
22.5
0.0
3.25
85.5
0.0
11.25
0.0
SAMKNN 2000 10 2 2 distance maxACCApprox 8000 400 800
1.5
98.5
0.0
0.0
0.0
2.0
0.0
98.0
0.0
0.0
9.5
90.5
0.0
0.0
0.0
100.0
0.0
0.0
0.0
0.0
6.5
93.5
0.0
0.0
0.0
4.25
95.75
0.0
0.0
0.0
3.0
97.0
0.0
0.0
0.0
2.0
0.0
98.0
0.0
0.0
7.5
38.0
0.0
54.50000000000001
0.0
15.25
0.0
0.0
84.75
0.0
6.5
93.5
0.0
0.0
0.0
4.25
95.75
0.0
0.0
0.0
3.0
97.0
0.0
0.0
0.0
2.0
0.0
98.0
0.0
0.0
1.7500000000000002
0.5
0.0
97.75
0.0
4.25
0.0
0.0
69.0
26.75
4.25
70.25
0.0
25.5
0.0
1.7500000000000002
86.25
0.0
12.0
0.0
SAMKNN 2000 20 2 2 distance maxACCApprox 8000 400 800
1.0
99.0
0.0
0.0
0.0
1.5
0.0
98.5
0.0
0.0
3.5000000000000004
96.5
0.0
0.0
0.0
3.75
96.25
0.0
0.0
0.0
5.25
94.75
0.0
0.0
0.0
2.75
97.25
0.0
0.0
0.0
1.0
99.0
0.0
0.0
0.0
1.5
0.0
98.5
0.0
0.0
4.0
41.25
0.0
54.75
0.0
4.25
2.75
0.0
93.0
0.0
5.75
94.25
0.0
0.0
0.0
3.25
96.75
0.0
0.0
0.0
1.0
98.75
0.0
0.25
0.0
2.0
0.0
98.0
0.0
0.0
1.7500000000000002
0.5
0.0
97.75
0.0
2.75
0.75
0.0
26.25
70.25
4.25
71.0
0.0
24.75
0.0
1.5
86.25
0.0
12.25
0.0
SAMKNN 2000 1 5 2 distance maxACCApprox 8000 400 800
7.5
92.5
0.0
0.0
0.0
10.75
0.0
89.25
0.0
0.0
94.5
5.5
0.0
0.0
0.0
100.0
0.0
0.0
0.0
0.0
36.25
63.74999999999999
0.0
0.0
0.0
20.5
79.5
0.0
0.0
0.0
7.5
92.5
0.0
0.0
0.0
8.75
0.0
91.25
0.0
0.0
92.25
7.75
0.0
0.0
0.0
100.0
0.0
0.0
0.0
0.0
33.25
66.75
0.0
0.0
0.0
19.0
81.0
0.0
0.0
0.0
11.0
89.0
0.0
0.0
0.0
27.250000000000004
0.0
72.75
0.0
0.0
6.75
0.0
0.0
93.25
0.0
100.0
0.0
0.0
0.0
0.0
35.0
55.75
0.0
9.25
0.0
21.0
77.0
0.0
2.0
0.0
SAMKNN 2000 2 5 2 distance maxACCApprox 8000 400 800
4.0
96.0
0.0
0.0
0.0
6.5
0.0
93.5
0.0
0.0
71.75
28.249999999999996
0.0
0.0
0.0
100.0
0.0
0.0
0.0
0.0
16.25
83.75
0.0
0.0
0.0
12.5
87.5
0.0
0.0
0.0
5.0
95.0
0.0
0.0
0.0
5.75
0.0
94.25
0.0
0.0
69.25
30.75
0.0
0.0
0.0
100.0
0.0
0.0
0.0
0.0
16.25
83.75
0.0
0.0
0.0
12.25
87.75
0.0
0.0
0.0
6.25
93.75
0.0
0.0
0.0
8.5
0.0
91.5
0.0
0.0
5.0
0.0
0.0
95.0
0.0
98.75
0.0
0.0
1.25
0.0
18.0
64.5
0.0
17.5
0.0
13.0
79.5
0.0
7.5
0.0
SAMKNN 2000 5 5 2 distance maxACCApprox 8000 400 800
3.0
97.0
0.0
0.0
0.0
2.75
0.0
97.25
0.0
0.0
40.75
59.25
0.0
0.0
0.0
100.0
0.0
0.0
0.0
0.0
10.5
89.5
0.0
0.0
0.0
7.249999999999999
92.75
0.0
0.0
0.0
3.0
97.0
0.0
0.0
0.0
2.75
0.0
97.25
0.0
0.0
40.0
60.0
0.0
0.0
0.0
100.0
0.0
0.0
0.0
0.0
10.5
89.5
0.0
0.0
0.0
6.75
93.25
0.0
0.0
0.0
3.0
97.0
0.0
0.0
0.0
3.0
0.0
97.0
0.0
0.0
3.5000000000000004
0.0
0.0
96.5
0.0
12.5
0.0
0.0
87.5
0.0
6.5
69.75
0.0
23.75
0.0
4.75
81.0
0.0
14.249999999999998
0.0
SAMKNN 2000 10 5 2 distance maxACCApprox 8000 400 800
2.5
97.5
0.0
0.0
0.0
2.5
0.0
97.5
0.0
0.0
10.75
89.25
0.0
0.0
0.0
100.0
0.0
0.0
0.0
0.0
6.75
93.25
0.0
0.0
0.0
4.5
95.5
0.0
0.0
0.0
3.0
97.0
0.0
0.0
0.0
2.5
0.0
97.5
0.0
0.0
10.75
89.25
0.0
0.0
0.0
100.0
0.0
0.0
0.0
0.0
6.75
93.25
0.0
0.0
0.0
4.5
95.5
0.0
0.0
0.0
3.0
97.0
0.0
0.0
0.0
2.5
0.0
97.5
0.0
0.0
2.0
0.5
0.0
97.5
0.0
6.25
0.0
0.0
93.75
0.0
4.75
69.5
0.0
25.75
0.0
2.5
82.5
0.0
15.0
0.0
SAMKNN 2000 20 5 2 distance maxACCApprox 8000 400 800
2.0
98.0
0.0
0.0
0.0
2.0
0.0
98.0
0.0
0.0
4.0
96.0
0.0
0.0
0.0
4.75
95.25
0.0
0.0
0.0
5.75
94.25
0.0
0.0
0.0
3.25
96.75
0.0
0.0
0.0
2.5
97.5
0.0
0.0
0.0
2.0
0.0
98.0
0.0
0.0
4.0
96.0
0.0
0.0
0.0
4.75
95.25
0.0
0.0
0.0
5.75
94.25
0.0
0.0
0.0
3.25
96.75
0.0
0.0
0.0
2.5
97.5
0.0
0.0
0.0
2.0
0.0
98.0
0.0
0.0
2.0
0.5
0.0
97.5
0.0
3.5000000000000004
0.75
0.0
95.75
0.0
4.25
71.25
0.0
24.5
0.0
1.7500000000000002
83.0
0.0
15.25
0.0
SAMKNN 2000 1 2 2 uniform maxACC 8000 400 800
4.5
95.5
0.0
0.0
0.0
5.25
0.0
94.75
0.0
0.0
93.25
6.75
0.0
0.0
0.0
100.0
0.0
0.0
0.0
0.0
32.5
67.5
0.0
0.0
0.0
19.0
81.0
0.0
0.0
0.0
4.5
95.5
0.0
0.0
0.0
5.0
0.0
95.0
0.0
0.0
91.25
8.75
0.0
0.0
0.0
100.0
0.0
0.0
0.0
0.0
30.0
70.0
0.0
0.0
0.0
17.75
82.25
0.0
0.0
0.0
5.25
94.75
0.0
0.0
0.0
6.75
0.0
93.25
0.0
0.0
5.25
0.0
0.0
94.75
0.0
23.5
0.0
0.0
0.0
76.5
27.750000000000004
61.5
0.0
10.75
0.0
17.25
81.0
0.0
1.7500000000000002
0.0
SAMKNN 2000 2 2 2 uniform maxACC 8000 400 800
2.5
97.5
0.0
0.0
0.0
3.75
0.0
96.25
0.0
0.0
70.25
29.75
0.0
0.0
0.0
100.0
0.0
0.0
0.0
0.0
17.0
83.0
0.0
0.0
0.0
12.0
88.0
0.0
0.0
0.0
4.5
95.5
0.0
0.0
0.0
3.25
0.0
96.75
0.0
0.0
61.25000000000001
27.750000000000004
0.0
11.0
0.0
100.0
0.0
0.0
0.0
0.0
15.25
84.75
0.0
0.0
0.0
11.75
88.25
0.0
0.0
0.0
4.5
95.5
0.0
0.0
0.0
3.5000000000000004
0.0
96.5
0.0
0.0
3.25
0.0
0.0
96.75
0.0
97.5
0.0
0.0
2.5
0.0
14.000000000000002
68.75
0.0
17.25
0.0
12.25
84.0
0.0
3.75
0.0
SAMKNN 2000 5 2 2 uniform maxACC 8000 400 800
1.5
98.5
0.0
0.0
0.0
2.0
0.0
98.0
0.0
0.0
40.25
59.75
0.0
0.0
0.0
100.0
0.0
0.0
0.0
0.0
9.5
90.5
0.0
0.0
0.0
6.0
94.0
0.0
0.0
0.0
3.0
97.0
0.0
0.0
0.0
2.0
0.0
98.0
0.0
0.0
32.75
36.75
0.0
30.5
0.0
100.0
0.0
0.0
0.0
0.0
9.75
90.25
0.0
0.0
0.0
6.0
94.0
0.0
0.0
0.0
3.0
97.0
0.0
0.0
0.0
2.0
0.0
98.0
0.0
0.0
2.25
0.25
0.0
97.5
0.0
11.25
0.0
0.0
84.5
4.25
5.25
70.5
0.0
24.25
0.0
3.25
86.0
0.0
10.75
0.0
SAMKNN 2000 10 2 2 uniform maxACC 8000 400 800
1.5
98.5
0.0
0.0
0.0
2.0
0.0
98.0
0.0
0.0
9.5
90.5
0.0
0.0
0.0
100.0
0.0
0.0
0.0
0.0
6.5
93.5
0.0
0.0
0.0
4.25
95.75
0.0
0.0
0.0
3.0
97.0
0.0
0.0
0.0
2.0
0.0
98.0
0.0
0.0
7.5
38.0
0.0
54.50000000000001
0.0
15.25
0.0
0.0
84.75
0.0
6.5
93.5
0.0
0.0
0.0
4.25
95.75
0.0
0.0
0.0
3.0
97.0
0.0
0.0
0.0
2.0
0.0
98.0
0.0
0.0
1.7500000000000002
0.5
0.0
97.75
0.0
5.25
0.0
0.0
13.0
81.75
4.25
71.25
0.0
24.5
0.0
1.7500000000000002
87.0
0.0
11.25
0.0
SAMKNN 2000 20 2 2 uniform maxACC 8000 400 800
1.0
99.0
0.0
0.0
0.0
1.5
0.0
98.5
0.0
0.0
3.5000000000000004
96.5
0.0
0.0
0.0
3.75
96.25
0.0
0.0
0.0
5.25
94.75
0.0
0.0
0.0
2.75
97.25
0.0
0.0
0.0
2.0
98.0
0.0
0.0
0.0
1.5
0.0
98.5
0.0
0.0
4.0
40.75
0.0
55.25
0.0
4.25
2.75
0.0
93.0
0.0
5.75
94.25
0.0
0.0
0.0
3.25
96.75
0.0
0.0
0.0
2.0
98.0
0.0
0.0
0.0
2.0
0.0
98.0
0.0
0.0
1.7500000000000002
0.5
0.0
97.75
0.0
3.25
0.75
0.0
91.5
4.5
4.25
71.0
0.0
24.75
0.0
1.5
87.5
0.0
11.0
0.0
SAMKNN 2000 1 5 2 uniform maxACC 8000 400 800
9.5
90.5
0.0
0.0
0.0
14.249999999999998
0.0
85.75
0.0
0.0
99.0
1.0
0.0
0.0
0.0
100.0
0.0
0.0
0.0
0.0
39.0
61.0
0.0
0.0
0.0
22.0
78.0
0.0
0.0
0.0
8.25
91.75
0.0
0.0
0.0
8.5
0.0
91.5
0.0
0.0
91.75
8.25
0.0
0.0
0.0
100.0
0.0
0.0
0.0
0.0
33.5
66.5
0.0
0.0
0.0
19.0
81.0
0.0
0.0
0.0
10.75
89.25
0.0
0.0
0.0
18.0
0.0
82.0
0.0
0.0
6.75
0.0
0.0
93.25
0.0
100.0
0.0
0.0
0.0
0.0
34.25
59.0
0.0
6.75
0.0
20.0
79.0
0.0
1.0
0.0
SAMKNN 2000 2 5 2 uniform maxACC 8000 400 800
5.0
95.0
0.0
0.0
0.0
7.249999999999999
0.0
92.75
0.0
0.0
74.5
25.5
0.0
0.0
0.0
100.0
0.0
0.0
0.0
0.0
19.0
81.0
0.0
0.0
0.0
13.5
86.5
0.0
0.0
0.0
5.0
95.0
0.0
0.0
0.0
6.0
0.0
94.0
0.0
0.0
69.25
30.75
0.0
0.0
0.0
100.0
0.0
0.0
0.0
0.0
16.5
83.5
0.0
0.0
0.0
12.5
87.5
0.0
0.0
0.0
6.25
93.75
0.0
0.0
0.0
9.0
0.0
91.0
0.0
0.0
5.0
0.0
0.0
95.0
0.0
28.999999999999996
0.0
0.0
0.0
71.0
17.75
65.75
0.0
16.5
0.0
13.0
80.25
0.0
6.75
0.0
SAMKNN 2000 5 5 2 uniform maxACC 8000 400 800
3.0
97.0
0.0
0.0
0.0
3.0
0.0
97.0
0.0
0.0
41.25
58.75
0.0
0.0
0.0
100.0
0.0
0.0
0.0
0.0
10.5
89.5
0.0
0.0
0.0
7.5
92.5
0.0
0.0
0.0
3.0
97.0
0.0
0.0
0.0
2.75
0.0
97.25
0.0
0.0
40.25
59.75
0.0
0.0
0.0
100.0
0.0
0.0
0.0
0.0
11.5
88.5
0.0
0.0
0.0
7.000000000000001
93.0
0.0
0.0
0.0
3.0
97.0
0.0
0.0
0.0
2.75
0.0
97.25
0.0
0.0
3.5000000000000004
0.0
0.0
96.5
0.0
12.5
0.0
0.0
87.5
0.0
5.75
71.0
0.0
23.25
0.0
4.0
83.75
0.0
12.25
0.0
SAMKNN 2000 10 5 2 uniform maxACC 8000 400 800
2.5
97.5
0.0
0.0
0.0
2.5
0.0
97.5
0.0
0.0
12.75
87.25
0.0
0.0
0.0
100.0
0.0
0.0
0.0
0.0
6.75
93.25
0.0
0.0
0.0
4.5
95.5
0.0
0.0
0.0
3.0
97.0
0.0
0.0
0.0
2.5
0.0
97.5
0.0
0.0
10.75
89.25
0.0
0.0
0.0
100.0
0.0
0.0
0.0
0.0
6.75
93.25
0.0
0.0
0.0
4.5
95.5
0.0
0.0
0.0
3.0
97.0
0.0
0.0
0.0
2.5
0.0
97.5
0.0
0.0
2.0
0.5
0.0
97.5
0.0
6.25
0.0
0.0
92.75
1.0
4.75
72.0
0.0
23.25
0.0
2.5
83.75
0.0
13.750000000000002
0.0
SAMKNN 2000 20 5 2 uniform maxACC 8000 400 800
2.0
98.0
0.0
0.0
0.0
2.0
0.0
98.0
0.0
0.0
4.0
96.0
0.0
0.0
0.0
4.75
95.25
0.0
0.0
0.0
5.75
94.25
0.0
0.0
0.0
3.25
96.75
0.0
0.0
0.0
2.5
97.5
0.0
0.0
0.0
2.0
0.0
98.0
0.0
0.0
4.0
96.0
0.0
0.0
0.0
5.0
95.0
0.0
0.0
0.0
5.75
94.25
0.0
0.0
0.0
3.25
96.75
0.0
0.0
0.0
2.5
97.5
0.0
0.0
0.0
2.0
0.0
98.0
0.0
0.0
2.0
0.5
0.0
97.5
0.0
3.5000000000000004
0.75
0.0
94.75
1.0
4.25
69.25
0.0
26.5
0.0
1.7500000000000002
82.75
0.0
15.5
0.0
SAMKNN 2000 1 2 2 uniform maxACCApprox 8000 400 800
4.5
95.5
0.0
0.0
0.0
5.25
0.0
94.75
0.0
0.0
93.0
7.000000000000001
0.0
0.0
0.0
100.0
0.0
0.0
0.0
0.0
31.0
69.0
0.0
0.0
0.0
18.25
81.75
0.0
0.0
0.0
4.75
95.25
0.0
0.0
0.0
5.25
0.0
94.75
0.0
0.0
74.75
8.75
0.0
16.5
0.0
100.0
0.0
0.0
0.0
0.0
30.0
70.0
0.0
0.0
0.0
18.0
82.0
0.0
0.0
0.0
5.25
94.75
0.0
0.0
0.0
7.000000000000001
0.0
93.0
0.0
0.0
5.25
0.0
0.0
94.75
0.0
13.5
0.0
0.0
0.0
86.5
27.500000000000004
61.75000000000001
0.0
10.75
0.0
17.0
81.0
0.0
2.0
0.0
SAMKNN 2000 2 2 2 uniform maxACCApprox 8000 400 800
2.5
97.5
0.0
0.0
0.0
3.5000000000000004
0.0
96.5
0.0
0.0
69.5
30.5
0.0
0.0
0.0
100.0
0.0
0.0
0.0
0.0
16.75
83.25
0.0
0.0
0.0
12.25
87.75
0.0
0.0
0.0
4.5
95.5
0.0
0.0
0.0
3.25
0.0
96.75
0.0
0.0
13.750000000000002
20.25
0.0
66.0
0.0
100.0
0.0
0.0
0.0
0.0
15.25
84.75
0.0
0.0
0.0
12.0
88.0
0.0
0.0
0.0
4.5
95.5
0.0
0.0
0.0
3.5000000000000004
0.0
96.5
0.0
0.0
3.25
0.0
0.0
96.75
0.0
12.0
0.0
0.0
0.0
88.0
14.249999999999998
68.5
0.0
17.25
0.0
12.25
84.25
0.0
3.5000000000000004
0.0
SAMKNN 2000 5 2 2 uniform maxACCApprox 8000 400 800
1.5
98.5
0.0
0.0
0.0
2.0
0.0
98.0
0.0
0.0
40.25
59.75
0.0
0.0
0.0
100.0
0.0
0.0
0.0
0.0
9.5
90.5
0.0
0.0
0.0
6.0
94.0
0.0
0.0
0.0
3.0
97.0
0.0
0.0
0.0
2.0
0.0
98.0
0.0
0.0
5.5
21.75
0.0
72.75
0.0
16.25
0.0
0.0
83.75
0.0
9.75
90.25
0.0
0.0
0.0
6.0
94.0
0.0
0.0
0.0
3.0
97.0
0.0
0.0
0.0
2.0
0.0
98.0
0.0
0.0
2.25
0.25
0.0
97.5
0.0
7.75
0.0
0.0
0.25
92.0
5.25
71.25
0.0
23.5
0.0
3.25
87.0
0.0
9.75
0.0
SAMKNN 2000 10 2 2 uniform maxACCApprox 8000 400 800
1.5
98.5
0.0
0.0
0.0
2.0
0.0
98.0
0.0
0.0
9.5
90.5
0.0
0.0
0.0
100.0
0.0
0.0
0.0
0.0
6.5
93.5
0.0
0.0
0.0
4.25
95.75
0.0
0.0
0.0
3.0
97.0
0.0
0.0
0.0
2.0
0.0
98.0
0.0
0.0
3.5000000000000004
22.25
0.0
74.25
0.0
8.75
0.0
0.0
91.25
0.0
5.75
92.75
0.0
1.5
0.0
3.5000000000000004
95.0
0.0
1.5
0.0
3.0
97.0
0.0
0.0
0.0
2.0
0.0
98.0
0.0
0.0
1.7500000000000002
0.5
0.0
97.75
0.0
4.25
0.0
0.0
0.5
95.25
4.25
71.0
0.0
24.75
0.0
1.7500000000000002
86.25
0.0
12.0
0.0
SAMKNN 2000 20 2 2 uniform maxACCApprox 8000 400 800
1.0
99.0
0.0
0.0
0.0
1.5
0.0
98.5
0.0
0.0
3.5000000000000004
96.5
0.0
0.0
0.0
3.5000000000000004
96.5
0.0
0.0
0.0
5.25
94.75
0.0
0.0
0.0
2.75
97.25
0.0
0.0
0.0
2.0
98.0
0.0
0.0
0.0
1.5
0.0
98.5
0.0
0.0
2.5
22.5
0.0
75.0
0.0
4.0
0.75
0.0
95.25
0.0
4.75
92.75
0.0
2.5
0.0
2.25
95.25
0.0
2.5
0.0
2.0
98.0
0.0
0.0
0.0
2.0
0.0
98.0
0.0
0.0
1.7500000000000002
0.5
0.0
97.75
0.0
2.25
0.75
0.0
0.75
96.25
4.25
72.25
0.0
23.5
0.0
1.5
85.25
0.0
13.25
0.0
SAMKNN 2000 1 5 2 uniform maxACCApprox 8000 400 800
8.75
91.25
0.0
0.0
0.0
14.499999999999998
0.0
85.5
0.0
0.0
97.0
3.0
0.0
0.0
0.0
100.0
0.0
0.0
0.0
0.0
37.75
62.25000000000001
0.0
0.0
0.0
20.75
79.25
0.0
0.0
0.0
8.0
92.0
0.0
0.0
0.0
8.5
0.0
91.5
0.0
0.0
91.75
8.25
0.0
0.0
0.0
100.0
0.0
0.0
0.0
0.0
33.5
66.5
0.0
0.0
0.0
18.5
81.5
0.0
0.0
0.0
10.75
89.25
0.0
0.0
0.0
21.75
0.0
78.25
0.0
0.0
6.75
0.0
0.0
93.25
0.0
18.75
0.0
0.0
0.0
81.25
33.0
60.25
0.0
6.75
0.0
19.75
78.25
0.0
2.0
0.0
SAMKNN 2000 2 5 2 uniform maxACCApprox 8000 400 800
4.75
95.25
0.0
0.0
0.0
8.0
0.0
92.0
0.0
0.0
72.75
27.250000000000004
0.0
0.0
0.0
100.0
0.0
0.0
0.0
0.0
18.75
81.25
0.0
0.0
0.0
13.0
87.0
0.0
0.0
0.0
5.0
95.0
0.0
0.0
0.0
5.75
0.0
94.25
0.0
0.0
62.5
30.75
0.0
6.75
0.0
100.0
0.0
0.0
0.0
0.0
16.5
83.5
0.0
0.0
0.0
12.5
87.5
0.0
0.0
0.0
6.0
94.0
0.0
0.0
0.0
9.25
0.0
90.75
0.0
0.0
5.0
0.0
0.0
95.0
0.0
15.25
0.0
0.0
0.0
84.75
18.25
66.25
0.0
15.5
0.0
13.25
80.75
0.0
6.0
0.0
SAMKNN 2000 5 5 2 uniform maxACCApprox 8000 400 800
3.0
97.0
0.0
0.0
0.0
2.75
0.0
97.25
0.0
0.0
41.0
59.0
0.0
0.0
0.0
100.0
0.0
0.0
0.0
0.0
10.5
89.5
0.0
0.0
0.0
7.5
92.5
0.0
0.0
0.0
3.0
97.0
0.0
0.0
0.0
2.75
0.0
97.25
0.0
0.0
10.75
41.5
0.0
47.75
0.0
100.0
0.0
0.0
0.0
0.0
11.75
88.25
0.0
0.0
0.0
7.249999999999999
92.75
0.0
0.0
0.0
3.0
97.0
0.0
0.0
0.0
2.75
0.0
97.25
0.0
0.0
3.5000000000000004
0.0
0.0
96.5
0.0
9.5
0.0
0.0
0.5
90.0
5.75
71.0
0.0
23.25
0.0
4.0
84.0
0.0
12.0
0.0
SAMKNN 2000 10 5 2 uniform maxACCApprox 8000 400 800
2.5
97.5
0.0
0.0
0.0
2.5
0.0
97.5
0.0
0.0
12.25
87.75
0.0
0.0
0.0
100.0
0.0
0.0
0.0
0.0
6.75
93.25
0.0
0.0
0.0
4.5
95.5
0.0
0.0
0.0
3.0
97.0
0.0
0.0
0.0
2.5
0.0
97.5
0.0
0.0
6.25
42.0
0.0
51.74999999999999
0.0
12.25
0.0
0.0
87.75
0.0
6.75
93.25
0.0
0.0
0.0
4.5
95.5
0.0
0.0
0.0
3.0
97.0
0.0
0.0
0.0
2.5
0.0
97.5
0.0
0.0
2.0
0.5
0.0
97.5
0.0
4.75
0.0
0.0
0.75
94.5
4.75
70.0
0.0
25.25
0.0
2.5
82.5
0.0
15.0
0.0
SAMKNN 2000 20 5 2 uniform maxACCApprox 8000 400 800
2.0
98.0
0.0
0.0
0.0
2.0
0.0
98.0
0.0
0.0
4.0
96.0
0.0
0.0
0.0
4.75
95.25
0.0
0.0
0.0
5.75
94.25
0.0
0.0
0.0
3.25
96.75
0.0
0.0
0.0
2.5
97.5
0.0
0.0
0.0
2.0
0.0
98.0
0.0
0.0
3.5000000000000004
42.25
0.0
54.25
0.0
5.0
0.75
0.0
94.25
0.0
5.75
94.25
0.0
0.0
0.0
3.25
96.75
0.0
0.0
0.0
2.5
97.5
0.0
0.0
0.0
2.0
0.0
98.0
0.0
0.0
2.0
0.5
0.0
97.5
0.0
3.5000000000000004
0.75
0.0
0.75
95.0
4.25
71.75
0.0
24.0
0.0
1.7500000000000002
83.25
0.0
15.0
0.0
SAMKNN 2000 1 2 5 distance maxACC 8000 400 800
4.5
95.5
0.0
0.0
0.0
4.5
0.0
95.5
0.0
0.0
92.25
7.75
0.0
0.0
0.0
100.0
0.0
0.0
0.0
0.0
30.5
69.5
0.0
0.0
0.0
17.5
82.5
0.0
0.0
0.0
6.0
94.0
0.0
0.0
0.0
5.0
0.0
95.0
0.0
0.0
26.75
0.0
0.0
73.25
0.0
100.0
0.0
0.0
0.0
0.0
31.5
68.5
0.0
0.0
0.0
18.0
82.0
0.0
0.0
0.0
0.0
93.25
0.0
0.0
6.75
0.0
0.0
94.25
0.0
5.75
0.0
0.0
0.0
90.0
10.0
0.0
0.0
0.0
0.0
100.0
0.0
60.5
0.0
11.5
28.000000000000004
0.0
80.5
0.0
2.0
17.5
SAMKNN 2000 2 2 5 distance maxACC 8000 400 800
2.5
97.5
0.0
0.0
0.0
3.25
0.0
96.75
0.0
0.0
67.75
32.25
0.0
0.0
0.0
100.0
0.0
0.0
0.0
0.0
15.5
84.5
0.0
0.0
0.0
11.5
88.5
0.0
0.0
0.0
5.5
94.5
0.0
0.0
0.0
3.75
0.0
96.25
0.0
0.0
11.5
0.25
0.0
88.25
0.0
100.0
0.0
0.0
0.0
0.0
14.249999999999998
85.5
0.0
0.25
0.0
12.25
87.5
0.0
0.25
0.0
6.0
93.75
0.0
0.25
0.0
4.5
0.0
95.5
0.0
0.0
8.0
0.0
0.0
92.0
0.0
96.75
0.0
0.0
2.75
0.5
17.25
63.74999999999999
0.0
19.0
0.0
12.25
84.25
0.0
3.5000000000000004
0.0
SAMKNN 2000 5 2 5 distance maxACC 8000 400 800
1.5
98.5
0.0
0.0
0.0
2.0
0.0
98.0
0.0
0.0
40.0
60.0
0.0
0.0
0.0
100.0
0.0
0.0
0.0
0.0
9.25
90.75
0.0
0.0
0.0
6.0
94.0
0.0
0.0
0.0
3.25
96.75
0.0
0.0
0.0
3.0
0.0
97.0
0.0
0.0
4.75
1.25
0.0
94.0
0.0
14.75
0.0
0.0
85.25
0.0
11.5
88.5
0.0
0.0
0.0
7.249999999999999
92.25
0.0
0.5
0.0
3.25
96.5
0.0
0.25
0.0
3.0
0.0
97.0
0.0
0.0
6.25
0.0
0.0
93.75
0.0
11.0
0.0
0.0
88.0
1.0
8.5
70.0
0.0
21.5
0.0
6.75
86.75
0.0
6.5
0.0
SAMKNN 2000 10 2 5 distance maxACC 8000 400 800
1.5
98.5
0.0
0.0
0.0
2.0
0.0
98.0
0.0
0.0
9.5
90.5
0.0
0.0
0.0
100.0
0.0
0.0
0.0
0.0
6.5
93.5
0.0
0.0
0.0
4.25
95.75
0.0
0.0
0.0
3.25
96.75
0.0
0.0
0.0
3.0
0.0
97.0
0.0
0.0
3.75
2.0
0.0
94.25
0.0
8.0
0.0
0.0
92.0
0.0
5.75
92.5
0.0
1.7500000000000002
0.0
3.5000000000000004
94.75
0.0
1.7500000000000002
0.0
3.5000000000000004
96.25
0.0
0.25
0.0
3.0
0.0
97.0
0.0
0.0
4.75
0.25
0.0
95.0
0.0
5.75
0.0
0.0
94.25
0.0
7.000000000000001
71.5
0.0
21.5
0.0
5.0
87.25
0.0
7.75
0.0
SAMKNN 2000 20 2 5 distance maxACC 8000 400 800
1.0
99.0
0.0
0.0
0.0
1.5
0.0
98.5
0.0
0.0
3.5000000000000004
96.5
0.0
0.0
0.0
3.75
96.25
0.0
0.0
0.0
5.25
94.75
0.0
0.0
0.0
2.75
97.25
0.0
0.0
0.0
2.75
97.25
0.0
0.0
0.0
2.5
0.0
97.5
0.0
0.0
2.0
1.25
0.0
96.75
0.0
4.0
0.75
0.0
95.25
0.0
4.75
92.5
0.0
2.75
0.0
2.25
94.75
0.0
3.0
0.0
0.0
96.5
0.0
1.0
2.5
0.0
0.0
97.5
0.0
2.5
0.0
0.5
0.0
96.25
3.25
0.0
0.5
0.0
95.5
4.0
0.0
72.25
0.0
21.5
6.25
0.0
88.75
0.0
7.5
3.75
SAMKNN 2000 1 5 5 distance maxACC 8000 400 800
6.25
93.75
0.0
0.0
0.0
7.75
0.0
92.25
0.0
0.0
92.75
7.249999999999999
0.0
0.0
0.0
100.0
0.0
0.0
0.0
0.0
34.5
65.5
0.0
0.0
0.0
17.75
82.25
0.0
0.0
0.0
8.0
92.0
0.0
0.0
0.0
7.000000000000001
0.0
93.0
0.0
0.0
38.25
3.25
0.0
58.5
0.0
100.0
0.0
0.0
0.0
0.0
34.75
65.25
0.0
0.0
0.0
18.5
81.5
0.0
0.0
0.0
0.0
90.5
0.0
0.0
9.5
0.0
0.0
87.25
0.0
12.75
0.0
0.0
0.0
88.25
11.75
0.0
0.0
0.0
0.0
100.0
0.0
57.99999999999999
0.0
9.5
32.5
0.0
79.75
0.0
1.0
19.25
SAMKNN 2000 2 5 5 distance maxACC 8000 400 800
4.5
95.5
0.0
0.0
0.0
4.25
0.0
95.75
0.0
0.0
70.25
29.75
0.0
0.0
0.0
100.0
0.0
0.0
0.0
0.0
17.25
82.75
0.0
0.0
0.0
12.5
87.5
0.0
0.0
0.0
6.0
94.0
0.0
0.0
0.0
4.75
0.0
95.25
0.0
0.0
14.000000000000002
4.5
0.0
81.5
0.0
100.0
0.0
0.0
0.0
0.0
19.0
81.0
0.0
0.0
0.0
13.0
87.0
0.0
0.0
0.0
7.5
92.25
0.0
0.25
0.0
7.249999999999999
0.0
92.75
0.0
0.0
9.5
0.0
0.0
90.5
0.0
98.0
0.0
0.0
1.0
1.0
19.25
63.24999999999999
0.0
17.5
0.0
13.0
82.5
0.0
4.5
0.0
SAMKNN 2000 5 5 5 distance maxACC 8000 400 800
3.0
97.0
0.0
0.0
0.0
2.75
0.0
97.25
0.0
0.0
40.5
59.5
0.0
0.0
0.0
100.0
0.0
0.0
0.0
0.0
10.5
89.5
0.0
0.0
0.0
6.75
93.25
0.0
0.0
0.0
3.75
96.25
0.0
0.0
0.0
3.25
0.0
96.75
0.0
0.0
9.75
5.5
0.0
84.75
0.0
17.0
0.0
0.0
83.0
0.0
12.0
88.0
0.0
0.0
0.0
7.75
92.25
0.0
0.0
0.0
5.0
94.5
0.0
0.5
0.0
3.75
0.0
96.25
0.0
0.0
6.75
0.0
0.0
93.25
0.0
12.0
0.0
0.0
87.0
1.0
12.25
69.5
0.0
18.25
0.0
7.5
84.5
0.0
8.0
0.0
SAMKNN 2000 10 5 5 distance maxACC 8000 400 800
2.5
97.5
0.0
0.0
0.0
2.5
0.0
97.5
0.0
0.0
10.75
89.25
0.0
0.0
0.0
100.0
0.0
0.0
0.0
0.0
6.75
93.25
0.0
0.0
0.0
4.5
95.5
0.0
0.0
0.0
3.25
96.75
0.0
0.0
0.0
3.0
0.0
97.0
0.0
0.0
5.75
6.5
0.0
87.75
0.0
9.25
0.0
0.0
90.75
0.0
7.75
92.25
0.0
0.0
0.0
6.0
94.0
0.0
0.0
0.0
0.0
95.75
0.0
0.5
3.75
0.0
0.0
97.0
0.0
3.0
0.0
0.0
0.0
94.5
5.5
0.0
0.0
0.0
93.75
6.25
0.0
71.75
0.0
20.5
7.75
0.0
86.5
0.0
7.75
5.75
SAMKNN 2000 20 5 5 distance maxACC 8000 400 800
2.0
98.0
0.0
0.0
0.0
2.0
0.0
98.0
0.0
0.0
4.0
96.0
0.0
0.0
0.0
4.75
95.25
0.0
0.0
0.0
5.75
94.25
0.0
0.0
0.0
3.25
96.75
0.0
0.0
0.0
2.75
97.25
0.0
0.0
0.0
2.5
0.0
97.5
0.0
0.0
3.5000000000000004
6.0
0.0
90.5
0.0
4.0
0.75
0.0
95.25
0.0
5.75
92.75
0.0
1.5
0.0
3.25
95.25
0.0
1.5
0.0
0.0
96.25
0.0
0.75
3.0
0.0
0.0
97.5
0.0
2.5
0.0
0.0
0.0
95.5
4.5
0.0
0.0
0.0
95.25
4.75
0.0
72.75
0.0
21.0
6.25
0.0
86.5
0.0
9.25
4.25
SAMKNN 2000 1 2 5 distance maxACCApprox 8000 400 800
4.0
96.0
0.0
0.0
0.0
4.5
0.0
95.5
0.0
0.0
91.75
8.25
0.0
0.0
0.0
100.0
0.0
0.0
0.0
0.0
30.0
70.0
0.0
0.0
0.0
17.0
83.0
0.0
0.0
0.0
5.75
94.25
0.0
0.0
0.0
4.5
0.0
95.5
0.0
0.0
91.75
8.25
0.0
0.0
0.0
100.0
0.0
0.0
0.0
0.0
30.75
69.25
0.0
0.0
0.0
17.75
82.25
0.0
0.0
0.0
6.25
93.5
0.0
0.25
0.0
6.0
0.0
94.0
0.0
0.0
8.75
0.0
0.0
91.25
0.0
23.5
0.0
0.0
0.0
76.5
28.000000000000004
61.25000000000001
0.0
10.75
0.0
17.25
80.75
0.0
2.0
0.0
SAMKNN 2000 2 2 5 distance maxACCApprox 8000 400 800
2.5
97.5
0.0
0.0
0.0
3.25
0.0
96.75
0.0
0.0
67.75
32.25
0.0
0.0
0.0
100.0
0.0
0.0
0.0
0.0
14.499999999999998
85.5
0.0
0.0
0.0
11.5
88.5
0.0
0.0
0.0
5.0
95.0
0.0
0.0
0.0
3.75
0.0
96.25
0.0
0.0
68.25
31.75
0.0
0.0
0.0
100.0
0.0
0.0
0.0
0.0
15.5
84.5
0.0
0.0
0.0
12.0
88.0
0.0
0.0
0.0
6.0
93.75
0.0
0.25
0.0
4.25
0.0
95.75
0.0
0.0
7.249999999999999
0.0
0.0
92.75
0.0
17.5
0.0
0.0
0.0
82.5
17.5
64.25
0.0
18.25
0.0
12.25
83.0
0.0
4.75
0.0
SAMKNN 2000 5 2 5 distance maxACCApprox 8000 400 800
1.5
98.5
0.0
0.0
0.0
2.0
0.0
98.0
0.0
0.0
40.0
60.0
0.0
0.0
0.0
100.0
0.0
0.0
0.0
0.0
9.25
90.75
0.0
0.0
0.0
6.0
94.0
0.0
0.0
0.0
3.25
96.75
0.0
0.0
0.0
3.0
0.0
97.0
0.0
0.0
24.5
55.25
0.0
20.25
0.0
100.0
0.0
0.0
0.0
0.0
11.5
88.5
0.0
0.0
0.0
7.249999999999999
92.75
0.0
0.0
0.0
3.25
95.75
0.0
1.0
0.0
3.0
0.0
97.0
0.0
0.0
5.25
0.0
0.0
94.75
0.0
10.5
0.0
0.0
4.25
85.25
8.5
67.75
0.0
23.75
0.0
6.75
85.5
0.0
7.75
0.0
SAMKNN 2000 10 2 5 distance maxACCApprox 8000 400 800
1.5
98.5
0.0
0.0
0.0
2.0
0.0
98.0
0.0
0.0
9.5
90.5
0.0
0.0
0.0
100.0
0.0
0.0
0.0
0.0
6.5
93.5
0.0
0.0
0.0
4.25
95.75
0.0
0.0
0.0
3.25
96.75
0.0
0.0
0.0
2.5
0.0
97.5
0.0
0.0
8.25
58.75
0.0
33.0
0.0
15.75
0.0
0.0
84.25
0.0
6.75
93.25
0.0
0.0
0.0
5.0
95.0
0.0
0.0
0.0
3.25
95.75
0.0
1.0
0.0
3.0
0.0
97.0
0.0
0.0
4.0
0.5
0.0
95.5
0.0
5.75
0.0
0.0
7.249999999999999
87.0
6.5
68.5
0.0
25.0
0.0
4.25
86.75
0.0
9.0
0.0
SAMKNN 2000 20 2 5 distance maxACCApprox 8000 400 800
1.0
99.0
0.0
0.0
0.0
1.5
0.0
98.5
0.0
0.0
3.5000000000000004
96.5
0.0
0.0
0.0
3.75
96.25
0.0
0.0
0.0
5.25
94.75
0.0
0.0
0.0
2.75
97.25
0.0
0.0
0.0
2.75
97.25
0.0
0.0
0.0
2.5
0.0
97.5
0.0
0.0
4.0
61.75000000000001
0.0
34.25
0.0
4.75
3.25
0.0
92.0
0.0
6.0
94.0
0.0
0.0
0.0
3.5000000000000004
96.5
0.0
0.0
0.0
2.5
96.5
0.0
1.0
0.0
2.5
0.0
97.5
0.0
0.0
3.25
0.5
0.0
96.25
0.0
3.75
0.75
0.0
8.5
87.0
5.75
69.0
0.0
25.25
0.0
3.25
86.25
0.0
10.5
0.0
SAMKNN 2000 1 5 5 distance maxACCApprox 8000 400 800
5.5
94.5
0.0
0.0
0.0
6.75
0.0
93.25
0.0
0.0
92.0
8.0
0.0
0.0
0.0
100.0
0.0
0.0
0.0
0.0
32.25
67.75
0.0
0.0
0.0
17.75
82.25
0.0
0.0
0.0
7.5
92.5
0.0
0.0
0.0
6.75
0.0
93.25
0.0
0.0
92.0
8.0
0.0
0.0
0.0
100.0
0.0
0.0
0.0
0.0
34.75
65.25
0.0
0.0
0.0
19.0
81.0
0.0
0.0
0.0
9.0
91.0
0.0
0.0
0.0
13.750000000000002
0.0
86.25
0.0
0.0
11.5
0.0
0.0
88.5
0.0
23.5
0.0
0.0
0.0
76.5
33.0
58.25
0.0
8.75
0.0
19.75
79.0
0.0
1.25
0.0
SAMKNN 2000 2 5 5 distance maxACCApprox 8000 400 800
4.0
96.0
0.0
0.0
0.0
4.25
0.0
95.75
0.0
0.0
68.25
31.75
0.0
0.0
0.0
100.0
0.0
0.0
0.0
0.0
16.75
83.25
0.0
0.0
0.0
12.25
87.75
0.0
0.0
0.0
6.0
94.0
0.0
0.0
0.0
4.75
0.0
95.25
0.0
0.0
69.25
30.75
0.0
0.0
0.0
100.0
0.0
0.0
0.0
0.0
17.75
82.25
0.0
0.0
0.0
12.75
87.25
0.0
0.0
0.0
6.75
93.0
0.0
0.25
0.0
7.249999999999999
0.0
92.75
0.0
0.0
9.0
0.0
0.0
91.0
0.0
17.5
0.0
0.0
0.0
82.5
19.75
63.0
0.0
17.25
0.0
13.25
83.0
0.0
3.75
0.0
SAMKNN 2000 5 5 5 distance maxACCApprox 8000 400 800
3.0
97.0
0.0
0.0
0.0
2.75
0.0
97.25
0.0
0.0
40.0
60.0
0.0
0.0
0.0
100.0
0.0
0.0
0.0
0.0
10.5
89.5
0.0
0.0
0.0
6.75
93.25
0.0
0.0
0.0
4.0
96.0
0.0
0.0
0.0
3.25
0.0
96.75
0.0
0.0
35.75
57.49999999999999
0.0
6.75
0.0
100.0
0.0
0.0
0.0
0.0
11.75
88.25
0.0
0.0
0.0
7.5
92.5
0.0
0.0
0.0
5.25
94.25
0.0
0.5
0.0
3.25
0.0
96.75
0.0
0.0
6.25
0.0
0.0
93.75
0.0
10.5
0.0
0.0
4.25
85.25
12.5
67.5
0.0
20.0
0.0
7.75
83.5
0.0
8.75
0.0
SAMKNN 2000 10 5 5 distance maxACCApprox 8000 400 800
2.5
97.5
0.0
0.0
0.0
2.5
0.0
97.5
0.0
0.0
10.75
89.25
0.0
0.0
0.0
100.0
0.0
0.0
0.0
0.0
6.75
93.25
0.0
0.0
0.0
4.5
95.5
0.0
0.0
0.0
3.25
96.75
0.0
0.0
0.0
3.0
0.0
97.0
0.0
0.0
11.25
88.75
0.0
0.0
0.0
100.0
0.0
0.0
0.0
0.0
7.249999999999999
92.75
0.0
0.0
0.0
5.5
94.5
0.0
0.0
0.0
3.5000000000000004
95.75
0.0
0.75
0.0
3.0
0.0
97.0
0.0
0.0
4.75
0.25
0.0
95.0
0.0
6.25
0.0
0.0
88.5
5.25
7.249999999999999
72.25
0.0
20.5
0.0
5.25
85.0
0.0
9.75
0.0
SAMKNN 2000 20 5 5 distance maxACCApprox 8000 400 800
2.0
98.0
0.0
0.0
0.0
2.0
0.0
98.0
0.0
0.0
4.0
96.0
0.0
0.0
0.0
4.75
95.25
0.0
0.0
0.0
5.75
94.25
0.0
0.0
0.0
3.25
96.75
0.0
0.0
0.0
2.5
97.5
0.0
0.0
0.0
2.5
0.0
97.5
0.0
0.0
4.75
95.25
0.0
0.0
0.0
4.75
95.25
0.0
0.0
0.0
6.25
93.75
0.0
0.0
0.0
3.75
96.25
0.0
0.0
0.0
3.0
96.25
0.0
0.75
0.0
2.5
0.0
97.5
0.0
0.0
4.0
0.25
0.0
95.75
0.0
4.75
0.0
0.0
6.75
88.5
6.25
71.25
0.0
22.5
0.0
4.0
84.0
0.0
12.0
0.0
SAMKNN 2000 1 2 5 uniform maxACC 8000 400 800
4.5
95.5
0.0
0.0
0.0
5.25
0.0
94.75
0.0
0.0
91.75
8.25
0.0
0.0
0.0
100.0
0.0
0.0
0.0
0.0
30.0
70.0
0.0
0.0
0.0
17.5
82.5
0.0
0.0
0.0
5.75
94.25
0.0
0.0
0.0
5.25
0.0
94.75
0.0
0.0
26.5
0.0
0.0
73.5
0.0
100.0
0.0
0.0
0.0
0.0
33.5
66.5
0.0
0.0
0.0
18.5
81.5
0.0
0.0
0.0
0.0
93.5
0.0
0.25
6.25
0.0
0.0
93.25
0.0
6.75
0.0
0.0
0.0
91.25
8.75
0.0
0.0
0.0
0.0
100.0
0.0
57.25
0.0
14.499999999999998
28.249999999999996
0.0
79.75
0.0
2.25
18.0
SAMKNN 2000 2 2 5 uniform maxACC 8000 400 800
2.5
97.5
0.0
0.0
0.0
3.5000000000000004
0.0
96.5
0.0
0.0
68.75
31.25
0.0
0.0
0.0
100.0
0.0
0.0
0.0
0.0
14.499999999999998
85.5
0.0
0.0
0.0
11.75
88.25
0.0
0.0
0.0
5.5
94.5
0.0
0.0
0.0
3.75
0.0
96.25
0.0
0.0
11.75
0.5
0.0
87.75
0.0
100.0
0.0
0.0
0.0
0.0
17.0
81.25
0.0
1.7500000000000002
0.0
12.5
87.0
0.0
0.5
0.0
0.0
93.5
0.0
0.25
6.25
0.0
0.0
96.25
0.0
3.75
0.0
0.0
0.0
93.0
7.000000000000001
0.0
0.0
0.0
2.5
97.5
0.0
64.75
0.0
18.25
17.0
0.0
84.25
0.0
3.75
12.0
SAMKNN 2000 5 2 5 uniform maxACC 8000 400 800
1.5
98.5
0.0
0.0
0.0
2.0
0.0
98.0
0.0
0.0
40.0
60.0
0.0
0.0
0.0
100.0
0.0
0.0
0.0
0.0
9.5
90.5
0.0
0.0
0.0
6.0
94.0
0.0
0.0
0.0
4.0
96.0
0.0
0.0
0.0
3.0
0.0
97.0
0.0
0.0
4.75
0.75
0.0
94.5
0.0
14.75
0.0
0.0
85.25
0.0
11.5
87.25
0.0
1.25
0.0
7.249999999999999
92.5
0.0
0.25
0.0
4.25
94.75
0.0
1.0
0.0
3.0
0.0
97.0
0.0
0.0
5.0
0.0
0.0
95.0
0.0
11.25
0.0
0.0
87.75
1.0
10.0
66.0
0.0
24.0
0.0
6.75
85.75
0.0
7.5
0.0
SAMKNN 2000 10 2 5 uniform maxACC 8000 400 800
1.5
98.5
0.0
0.0
0.0
2.0
0.0
98.0
0.0
0.0
9.5
90.5
0.0
0.0
0.0
100.0
0.0
0.0
0.0
0.0
6.5
93.5
0.0
0.0
0.0
4.25
95.75
0.0
0.0
0.0
3.25
96.5
0.0
0.25
0.0
3.0
0.0
97.0
0.0
0.0
3.75
1.7500000000000002
0.0
94.5
0.0
8.0
0.0
0.0
92.0
0.0
5.75
88.0
0.0
6.25
0.0
3.75
93.25
0.0
3.0
0.0
0.0
95.5
0.0
1.0
3.5000000000000004
0.0
0.0
97.0
0.0
3.0
0.0
0.25
0.0
96.0
3.75
0.0
0.0
0.0
94.25
5.75
0.0
65.75
0.0
26.5
7.75
0.0
85.25
0.0
10.5
4.25
SAMKNN 2000 20 2 5 uniform maxACC 8000 400 800
1.0
99.0
0.0
0.0
0.0
1.5
0.0
98.5
0.0
0.0
3.5000000000000004
96.5
0.0
0.0
0.0
3.75
96.25
0.0
0.0
0.0
5.25
94.75
0.0
0.0
0.0
2.75
97.25
0.0
0.0
0.0
2.75
97.0
0.0
0.25
0.0
2.5
0.0
97.5
0.0
0.0
2.0
1.25
0.0
96.75
0.0
4.0
0.75
0.0
95.25
0.0
4.75
88.5
0.0
6.75
0.0
2.25
94.0
0.0
3.75
0.0
0.0
95.75
0.0
1.5
2.75
0.0
0.0
97.5
0.0
2.5
0.0
0.25
0.0
96.5
3.25
0.0
0.25
0.0
95.5
4.25
0.0
66.25
0.0
27.0
6.75
0.0
85.25
0.0
11.5
3.25
SAMKNN 2000 1 5 5 uniform maxACC 8000 400 800
7.5
92.5
0.0
0.0
0.0
9.75
0.0
90.25
0.0
0.0
92.75
7.249999999999999
0.0
0.0
0.0
100.0
0.0
0.0
0.0
0.0
34.25
65.75
0.0
0.0
0.0
18.75
81.25
0.0
0.0
0.0
8.5
91.5
0.0
0.0
0.0
8.5
0.0
91.5
0.0
0.0
42.25
0.0
0.0
57.75
0.0
100.0
0.0
0.0
0.0
0.0
36.5
63.5
0.0
0.0
0.0
19.5
80.5
0.0
0.0
0.0
0.0
90.25
0.0
0.0
9.75
0.0
0.0
82.25
0.0
17.75
0.0
0.0
0.0
88.25
11.75
0.0
0.0
0.0
0.0
100.0
0.0
57.75
0.0
8.5
33.75
0.0
79.5
0.0
1.0
19.5
SAMKNN 2000 2 5 5 uniform maxACC 8000 400 800
4.5
95.5
0.0
0.0
0.0
6.0
0.0
94.0
0.0
0.0
71.5
28.499999999999996
0.0
0.0
0.0
100.0
0.0
0.0
0.0
0.0
17.0
83.0
0.0
0.0
0.0
12.5
87.5
0.0
0.0
0.0
6.0
94.0
0.0
0.0
0.0
5.25
0.0
94.75
0.0
0.0
14.499999999999998
0.75
0.0
84.75
0.0
100.0
0.0
0.0
0.0
0.0
19.0
81.0
0.0
0.0
0.0
13.0
87.0
0.0
0.0
0.0
0.0
92.5
0.0
0.25
7.249999999999999
0.0
0.0
92.25
0.0
7.75
0.0
0.0
0.0
90.75
9.25
0.0
0.0
0.0
1.25
98.75
0.0
62.25000000000001
0.0
18.5
19.25
0.0
81.25
0.0
5.75
13.0
SAMKNN 2000 5 5 5 uniform maxACC 8000 400 800
3.0
97.0
0.0
0.0
0.0
3.0
0.0
97.0
0.0
0.0
40.25
59.75
0.0
0.0
0.0
100.0
0.0
0.0
0.0
0.0
10.5
89.5
0.0
0.0
0.0
7.000000000000001
93.0
0.0
0.0
0.0
4.75
95.25
0.0
0.0
0.0
3.25
0.0
96.75
0.0
0.0
9.75
2.25
0.0
88.0
0.0
17.75
0.0
0.0
82.25
0.0
12.0
88.0
0.0
0.0
0.0
8.25
91.75
0.0
0.0
0.0
5.75
93.75
0.0
0.5
0.0
3.75
0.0
96.25
0.0
0.0
6.5
0.0
0.0
93.5
0.0
12.25
0.0
0.0
86.75
1.0
12.25
67.75
0.0
20.0
0.0
7.5
83.75
0.0
8.75
0.0
SAMKNN 2000 10 5 5 uniform maxACC 8000 400 800
2.5
97.5
0.0
0.0
0.0
2.5
0.0
97.5
0.0
0.0
10.75
89.25
0.0
0.0
0.0
100.0
0.0
0.0
0.0
0.0
6.75
93.25
0.0
0.0
0.0
4.5
95.5
0.0
0.0
0.0
3.25
96.75
0.0
0.0
0.0
3.0
0.0
97.0
0.0
0.0
5.75
2.75
0.0
91.5
0.0
9.5
0.0
0.0
90.5
0.0
8.75
91.25
0.0
0.0
0.0
5.5
94.5
0.0
0.0
0.0
0.0
95.25
0.0
0.5
4.25
0.0
0.0
97.0
0.0
3.0
0.0
0.0
0.0
94.75
5.25
0.0
0.0
0.0
93.75
6.25
0.0
70.75
0.0
18.75
10.5
0.0
87.25
0.0
7.249999999999999
5.5
SAMKNN 2000 20 5 5 uniform maxACC 8000 400 800
2.0
98.0
0.0
0.0
0.0
2.0
0.0
98.0
0.0
0.0
4.0
96.0
0.0
0.0
0.0
5.0
95.0
0.0
0.0
0.0
5.75
94.25
0.0
0.0
0.0
3.25
96.75
0.0
0.0
0.0
2.75
97.25
0.0
0.0
0.0
2.5
0.0
97.5
0.0
0.0
3.5000000000000004
3.0
0.0
93.5
0.0
4.0
0.75
0.0
95.25
0.0
5.75
92.0
0.0
2.25
0.0
3.25
95.5
0.0
1.25
0.0
0.0
95.5
0.0
1.25
3.25
0.0
0.0
97.5
0.0
2.5
0.0
0.0
0.0
95.75
4.25
0.0
0.0
0.0
95.25
4.75
0.0
69.0
0.0
23.25
7.75
0.0
85.25
0.0
10.5
4.25
SAMKNN 2000 1 2 5 uniform maxACCApprox 8000 400 800
4.5
95.5
0.0
0.0
0.0
4.5
0.0
95.5
0.0
0.0
92.0
8.0
0.0
0.0
0.0
100.0
0.0
0.0
0.0
0.0
30.5
69.5
0.0
0.0
0.0
17.5
82.5
0.0
0.0
0.0
5.75
94.25
0.0
0.0
0.0
4.25
0.0
95.75
0.0
0.0
91.5
8.5
0.0
0.0
0.0
100.0
0.0
0.0
0.0
0.0
34.0
66.0
0.0
0.0
0.0
18.5
81.5
0.0
0.0
0.0
6.25
93.5
0.0
0.25
0.0
6.75
0.0
93.25
0.0
0.0
8.25
0.0
0.0
91.75
0.0
23.5
0.0
0.0
0.0
76.5
28.000000000000004
57.99999999999999
0.0
14.000000000000002
0.0
17.75
80.0
0.0
2.25
0.0
SAMKNN 2000 2 2 5 uniform maxACCApprox 8000 400 800
2.5
97.5
0.0
0.0
0.0
3.25
0.0
96.75
0.0
0.0
68.0
32.0
0.0
0.0
0.0
100.0
0.0
0.0
0.0
0.0
14.75
85.25
0.0
0.0
0.0
11.5
88.5
0.0
0.0
0.0
5.5
94.5
0.0
0.0
0.0
3.75
0.0
96.25
0.0
0.0
68.25
31.75
0.0
0.0
0.0
100.0
0.0
0.0
0.0
0.0
18.5
81.5
0.0
0.0
0.0
12.0
88.0
0.0
0.0
0.0
6.25
93.5
0.0
0.25
0.0
3.75
0.0
96.25
0.0
0.0
6.5
0.0
0.0
93.5
0.0
17.5
0.0
0.0
0.0
82.5
17.0
62.0
0.0
21.0
0.0
12.0
83.5
0.0
4.5
0.0
SAMKNN 2000 5 2 5 uniform maxACCApprox 8000 400 800
1.5
98.5
0.0
0.0
0.0
2.0
0.0
98.0
0.0
0.0
40.0
60.0
0.0
0.0
0.0
100.0
0.0
0.0
0.0
0.0
9.25
90.75
0.0
0.0
0.0
6.0
94.0
0.0
0.0
0.0
4.0
96.0
0.0
0.0
0.0
3.0
0.0
97.0
0.0
0.0
22.0
55.50000000000001
0.0
22.5
0.0
100.0
0.0
0.0
0.0
0.0
11.5
88.5
0.0
0.0
0.0
7.249999999999999
92.75
0.0
0.0
0.0
4.25
95.0
0.0
0.75
0.0
3.0
0.0
97.0
0.0
0.0
4.5
0.0
0.0
95.5
0.0
10.5
0.0
0.0
4.25
85.25
9.0
67.0
0.0
24.0
0.0
5.75
85.75
0.0
8.5
0.0
SAMKNN 2000 10 2 5 uniform maxACCApprox 8000 400 800
1.5
98.5
0.0
0.0
0.0
2.0
0.0
98.0
0.0
0.0
9.5
90.5
0.0
0.0
0.0
100.0
0.0
0.0
0.0
0.0
6.5
93.5
0.0
0.0
0.0
4.25
95.75
0.0
0.0
0.0
3.25
96.75
0.0
0.0
0.0
3.0
0.0
97.0
0.0
0.0
10.0
90.0
0.0
0.0
0.0
100.0
0.0
0.0
0.0
0.0
8.25
91.75
0.0
0.0
0.0
5.0
95.0
0.0
0.0
0.0
3.5000000000000004
95.5
0.0
1.0
0.0
3.0
0.0
97.0
0.0
0.0
3.75
0.25
0.0
96.0
0.0
5.75
0.0
0.0
7.249999999999999
87.0
6.0
67.25
0.0
26.75
0.0
4.0
85.25
0.0
10.75
0.0
SAMKNN 2000 20 2 5 uniform maxACCApprox 8000 400 800
1.0
99.0
0.0
0.0
0.0
1.5
0.0
98.5
0.0
0.0
3.5000000000000004
96.5
0.0
0.0
0.0
3.75
96.25
0.0
0.0
0.0
5.25
94.75
0.0
0.0
0.0
2.75
97.25
0.0
0.0
0.0
2.75
97.25
0.0
0.0
0.0
2.5
0.0
97.5
0.0
0.0
4.0
59.25
0.0
36.75
0.0
4.75
3.5000000000000004
0.0
91.75
0.0
6.0
94.0
0.0
0.0
0.0
3.5000000000000004
96.5
0.0
0.0
0.0
2.75
96.0
0.0
1.25
0.0
2.5
0.0
97.5
0.0
0.0
3.0
0.25
0.0
96.75
0.0
4.25
0.25
0.0
8.5
87.0
6.75
67.0
0.0
26.25
0.0
3.25
85.25
0.0
11.5
0.0
SAMKNN 2000 1 5 5 uniform maxACCApprox 8000 400 800
7.249999999999999
92.75
0.0
0.0
0.0
9.25
0.0
90.75
0.0
0.0
92.75
7.249999999999999
0.0
0.0
0.0
100.0
0.0
0.0
0.0
0.0
35.0
65.0
0.0
0.0
0.0
19.25
80.75
0.0
0.0
0.0
8.75
91.25
0.0
0.0
0.0
8.0
0.0
92.0
0.0
0.0
91.75
8.25
0.0
0.0
0.0
100.0
0.0
0.0
0.0
0.0
36.75
63.24999999999999
0.0
0.0
0.0
19.5
80.5
0.0
0.0
0.0
9.75
90.25
0.0
0.0
0.0
18.25
0.0
81.75
0.0
0.0
11.75
0.0
0.0
88.25
0.0
23.5
0.0
0.0
0.0
76.5
33.5
57.99999999999999
0.0
8.5
0.0
19.75
79.25
0.0
1.0
0.0
SAMKNN 2000 2 5 5 uniform maxACCApprox 8000 400 800
4.5
95.5
0.0
0.0
0.0
6.0
0.0
94.0
0.0
0.0
71.0
28.999999999999996
0.0
0.0
0.0
100.0
0.0
0.0
0.0
0.0
17.0
83.0
0.0
0.0
0.0
12.5
87.5
0.0
0.0
0.0
6.0
94.0
0.0
0.0
0.0
5.5
0.0
94.5
0.0
0.0
69.5
30.5
0.0
0.0
0.0
100.0
0.0
0.0
0.0
0.0
19.0
81.0
0.0
0.0
0.0
13.25
86.75
0.0
0.0
0.0
6.75
93.0
0.0
0.25
0.0
8.25
0.0
91.75
0.0
0.0
9.0
0.0
0.0
91.0
0.0
17.5
0.0
0.0
0.0
82.5
19.0
62.0
0.0
19.0
0.0
13.0
81.0
0.0
6.0
0.0
SAMKNN 2000 5 5 5 uniform maxACCApprox 8000 400 800
3.0
97.0
0.0
0.0
0.0
2.75
0.0
97.25
0.0
0.0
40.25
59.75
0.0
0.0
0.0
100.0
0.0
0.0
0.0
0.0
10.5
89.5
0.0
0.0
0.0
7.000000000000001
93.0
0.0
0.0
0.0
4.75
95.25
0.0
0.0
0.0
3.25
0.0
96.75
0.0
0.0
22.5
55.00000000000001
0.0
22.5
0.0
100.0
0.0
0.0
0.0
0.0
12.0
88.0
0.0
0.0
0.0
8.25
91.75
0.0
0.0
0.0
5.5
94.0
0.0
0.5
0.0
3.5000000000000004
0.0
96.5
0.0
0.0
5.75
0.0
0.0
94.25
0.0
10.5
0.0
0.0
4.25
85.25
12.25
66.0
0.0
21.75
0.0
7.5
84.0
0.0
8.5
0.0
SAMKNN 2000 10 5 5 uniform maxACCApprox 8000 400 800
2.5
97.5
0.0
0.0
0.0
2.5
0.0
97.5
0.0
0.0
10.75
89.25
0.0
0.0
0.0
100.0
0.0
0.0
0.0
0.0
6.75
93.25
0.0
0.0
0.0
4.5
95.5
0.0
0.0
0.0
3.25
96.75
0.0
0.0
0.0
3.0
0.0
97.0
0.0
0.0
11.25
88.75
0.0
0.0
0.0
100.0
0.0
0.0
0.0
0.0
8.75
91.25
0.0
0.0
0.0
5.5
94.5
0.0
0.0
0.0
4.25
95.0
0.0
0.75
0.0
3.0
0.0
97.0
0.0
0.0
4.5
0.0
0.0
95.5
0.0
6.0
0.0
0.0
5.5
88.5
10.25
66.0
0.0
23.75
0.0
5.25
84.25
0.0
10.5
0.0
SAMKNN 2000 20 5 5 uniform maxACCApprox 8000 400 800
2.0
98.0
0.0
0.0
0.0
2.0
0.0
98.0
0.0
0.0
4.0
96.0
0.0
0.0
0.0
5.0
95.0
0.0
0.0
0.0
5.75
94.25
0.0
0.0
0.0
3.25
96.75
0.0
0.0
0.0
2.75
97.25
0.0
0.0
0.0
2.5
0.0
97.5
0.0
0.0
4.75
95.25
0.0
0.0
0.0
5.75
94.25
0.0
0.0
0.0
6.25
93.75
0.0
0.0
0.0
3.75
96.25
0.0
0.0
0.0
3.25
95.75
0.0
1.0
0.0
2.5
0.0
97.5
0.0
0.0
4.0
0.0
0.0
96.0
0.0
4.75
0.0
0.0
6.75
88.5
7.249999999999999
66.5
0.0
26.25
0.0
3.75
83.5
0.0
12.75
0.0
