HT 200 info_gain 0.05 False False nb 0 [0.9, 0.66, 0.75] 500 10000 1000 1000
0.006
0.984
0.006
0.001
0.001
0.005
0.0
0.995
0.0
0.0
0.999
0.0
0.001
0.0
0.0
0.267
0.728
0.005
0.0
0.0
1.0
0.0
0.0
0.0
0.0
1.0
0.0
0.0
0.0
0.0
0.016
0.979
0.001
0.001
0.001
0.01
0.0
0.985
0.005
0.0
0.007
0.0
0.0
0.993
0.0
0.015
0.0
0.0
0.985
0.0
0.983
0.0
0.0
0.017
0.0
0.981
0.0
0.0
0.019
0.0
0.016
0.979
0.001
0.001
0.001
0.97
0.0
0.03
0.0
0.0
0.009
0.0
0.0
0.991
0.0
0.086
0.0
0.0
0.291
0.623
0.063
0.558
0.0
0.379
0.0
0.066
0.482
0.0
0.452
0.0
HT 200 info_gain 0.05 False False nb 0 [0.9, 0.66, 0.75] 500 10000 1000 600
0.006
0.984
0.006
0.001
0.001
0.005
0.0
0.995
0.0
0.0
0.999
0.0
0.001
0.0
0.0
0.267
0.728
0.005
0.0
0.0
1.0
0.0
0.0
0.0
0.0
1.0
0.0
0.0
0.0
0.0
0.016
0.979
0.001
0.001
0.001
0.01
0.0
0.99
0.0
0.0
0.023
0.0
0.0
0.977
0.0
0.015
0.0
0.0
0.985
0.0
0.984
0.0
0.0
0.016
0.0
0.984
0.0
0.0
0.016
0.0
0.016
0.979
0.001
0.001
0.001
0.008
0.0
0.992
0.0
0.0
0.029
0.0
0.0
0.971
0.0
0.08
0.0
0.0
0.184
0.736
0.445
0.546
0.0
0.009
0.0
0.515
0.476
0.0
0.009
0.0
HT 200 info_gain 0.05 False False nb 0 [0.9, 0.66, 0.75] 500 10000 1000 2000
0.006
0.984
0.006
0.001
0.001
0.005
0.0
0.995
0.0
0.0
0.999
0.0
0.001
0.0
0.0
0.267
0.728
0.005
0.0
0.0
1.0
0.0
0.0
0.0
0.0
1.0
0.0
0.0
0.0
0.0
0.016
0.979
0.001
0.001
0.001
0.015
0.0
0.985
0.0
0.0
0.013
0.0
0.0
0.987
0.0
0.018
0.0
0.0
0.982
0.0
0.092
0.0
0.0
0.908
0.0
0.092
0.0
0.0
0.908
0.0
0.065
0.89
0.001
0.041
0.001
0.01
0.0
0.99
0.0
0.0
0.004
0.0
0.0
0.996
0.0
0.127
0.0
0.0
0.13
0.743
0.92
0.0
0.0
0.08
0.0
0.89
0.0
0.0
0.11
0.0
HT 200 info_gain 0.05 False False nb 0 [0.9, 0.66, 0.75] 500 10000 1000 5000
0.006
0.984
0.006
0.001
0.001
0.005
0.0
0.995
0.0
0.0
0.999
0.0
0.001
0.0
0.0
0.267
0.728
0.005
0.0
0.0
1.0
0.0
0.0
0.0
0.0
1.0
0.0
0.0
0.0
0.0
0.001
0.953
0.001
0.042
0.001
0.0
0.0
0.99
0.01
0.0
0.006
0.0
0.0
0.994
0.0
0.024
0.0
0.0
0.976
0.0
0.062
0.0
0.0
0.938
0.0
0.061
0.0
0.0
0.939
0.0
0.011
0.957
0.001
0.028
0.001
0.01
0.0
0.99
0.0
0.0
0.026
0.095
0.0
0.879
0.0
0.005
0.0
0.0
0.017
0.978
0.009
0.459
0.0
0.532
0.0
0.011
0.451
0.0
0.538
0.0
HT 200 info_gain 0.05 False False nb 0 [0.9, 0.66, 0.75] 1000 10000 1000 1000
0.006
0.984
0.006
0.001
0.001
0.005
0.0
0.995
0.0
0.0
0.999
0.0
0.001
0.0
0.0
0.267
0.728
0.005
0.0
0.0
1.0
0.0
0.0
0.0
0.0
1.0
0.0
0.0
0.0
0.0
0.006
0.984
0.006
0.001
0.001
0.0
0.0
1.0
0.0
0.0
0.012
0.0
0.001
0.987
0.0
0.011
0.002
0.005
0.982
0.0
0.101
0.0
0.0
0.899
0.0
0.1
0.0
0.0
0.9
0.0
0.001
0.969
0.006
0.021
0.001
0.0
0.0
0.995
0.005
0.0
0.007
0.0
0.001
0.992
0.0
0.099
0.0
0.005
0.151
0.745
0.013
0.0
0.0
0.987
0.0
0.015
0.0
0.0
0.985
0.0
HT 200 info_gain 0.05 False False nb 0 [0.9, 0.66, 0.75] 1000 10000 1000 600
0.006
0.984
0.006
0.001
0.001
0.005
0.0
0.995
0.0
0.0
0.999
0.0
0.001
0.0
0.0
0.267
0.728
0.005
0.0
0.0
1.0
0.0
0.0
0.0
0.0
1.0
0.0
0.0
0.0
0.0
0.006
0.984
0.006
0.001
0.001
0.007
0.0
0.993
0.0
0.0
0.031
0.0
0.001
0.968
0.0
0.01
0.001
0.005
0.984
0.0
0.99
0.0
0.0
0.01
0.0
0.99
0.0
0.0
0.01
0.0
0.006
0.984
0.006
0.001
0.001
0.0
0.0
1.0
0.0
0.0
0.024
0.0
0.001
0.975
0.0
0.053
0.0
0.005
0.152
0.79
0.131
0.369
0.0
0.5
0.0
0.133
0.309
0.0
0.558
0.0
HT 200 info_gain 0.05 False False nb 0 [0.9, 0.66, 0.75] 1000 10000 1000 2000
0.006
0.984
0.006
0.001
0.001
0.005
0.0
0.995
0.0
0.0
0.999
0.0
0.001
0.0
0.0
0.267
0.728
0.005
0.0
0.0
1.0
0.0
0.0
0.0
0.0
1.0
0.0
0.0
0.0
0.0
0.006
0.984
0.006
0.001
0.001
0.002
0.0
0.998
0.0
0.0
0.01
0.0
0.001
0.989
0.0
0.012
0.013
0.005
0.97
0.0
0.091
0.0
0.0
0.909
0.0
0.091
0.0
0.0
0.909
0.0
0.007
0.983
0.006
0.001
0.001
0.0
0.0
1.0
0.0
0.0
0.007
0.0
0.001
0.992
0.0
0.045
0.0
0.005
0.005
0.945
0.055
0.0
0.0
0.945
0.0
0.056
0.0
0.0
0.944
0.0
HT 200 info_gain 0.05 False False nb 0 [0.9, 0.66, 0.75] 1000 10000 1000 5000
0.006
0.984
0.006
0.001
0.001
0.005
0.0
0.995
0.0
0.0
0.999
0.0
0.001
0.0
0.0
0.267
0.728
0.005
0.0
0.0
1.0
0.0
0.0
0.0
0.0
1.0
0.0
0.0
0.0
0.0
0.018
0.96
0.006
0.013
0.001
0.005
0.0
0.995
0.0
0.0
0.005
0.0
0.001
0.994
0.0
0.018
0.0
0.005
0.977
0.0
0.065
0.0
0.0
0.935
0.0
0.068
0.0
0.0
0.932
0.0
0.001
0.959
0.006
0.031
0.001
0.005
0.0
0.995
0.0
0.0
0.009
0.0
0.001
0.99
0.0
0.007
0.0
0.005
0.007
0.981
0.016
0.0
0.0
0.984
0.0
0.014
0.0
0.0
0.986
0.0
HT 200 info_gain 0.05 False False nb 0 [0.9, 0.66, 0.75] 2000 10000 1000 1000
0.006
0.984
0.006
0.001
0.001
0.005
0.0
0.995
0.0
0.0
0.999
0.0
0.001
0.0
0.0
0.267
0.728
0.005
0.0
0.0
1.0
0.0
0.0
0.0
0.0
1.0
0.0
0.0
0.0
0.0
0.006
0.984
0.006
0.001
0.001
0.005
0.0
0.995
0.0
0.0
0.008
0.0
0.001
0.991
0.0
0.01
0.011
0.005
0.974
0.0
0.982
0.0
0.0
0.018
0.0
0.98
0.0
0.0
0.02
0.0
0.006
0.984
0.006
0.001
0.001
0.005
0.0
0.995
0.0
0.0
0.029
0.0
0.001
0.97
0.0
0.117
0.0
0.005
0.158
0.72
0.985
0.0
0.0
0.015
0.0
0.984
0.0
0.0
0.016
0.0
HT 200 info_gain 0.05 False False nb 0 [0.9, 0.66, 0.75] 2000 10000 1000 600
0.006
0.984
0.006
0.001
0.001
0.005
0.0
0.995
0.0
0.0
0.999
0.0
0.001
0.0
0.0
0.267
0.728
0.005
0.0
0.0
1.0
0.0
0.0
0.0
0.0
1.0
0.0
0.0
0.0
0.0
0.006
0.984
0.006
0.001
0.001
0.008
0.0
0.992
0.0
0.0
0.021
0.001
0.001
0.977
0.0
0.011
0.008
0.005
0.976
0.0
0.983
0.0
0.0
0.017
0.0
0.983
0.0
0.0
0.017
0.0
0.006
0.984
0.006
0.001
0.001
0.0
0.0
1.0
0.0
0.0
0.021
0.0
0.001
0.978
0.0
0.051
0.0
0.005
0.135
0.809
0.138
0.0
0.0
0.862
0.0
0.195
0.0
0.0
0.805
0.0
HT 200 info_gain 0.05 False False nb 0 [0.9, 0.66, 0.75] 2000 10000 1000 2000
0.006
0.984
0.006
0.001
0.001
0.005
0.0
0.995
0.0
0.0
0.999
0.0
0.001
0.0
0.0
0.267
0.728
0.005
0.0
0.0
1.0
0.0
0.0
0.0
0.0
1.0
0.0
0.0
0.0
0.0
0.006
0.968
0.006
0.017
0.001
0.0
0.0
1.0
0.0
0.0
0.008
0.0
0.001
0.991
0.0
0.013
0.038
0.005
0.944
0.0
0.065
0.0
0.0
0.935
0.0
0.068
0.0
0.0
0.932
0.0
0.001
0.989
0.006
0.001
0.001
0.0
0.0
0.995
0.005
0.0
0.008
0.0
0.001
0.991
0.0
0.005
0.0
0.005
0.0
0.99
0.939
0.0
0.0
0.061
0.0
0.931
0.0
0.0
0.069
0.0
HT 200 info_gain 0.05 False False nb 0 [0.9, 0.66, 0.75] 2000 10000 1000 5000
0.006
0.984
0.006
0.001
0.001
0.005
0.0
0.995
0.0
0.0
0.999
0.0
0.001
0.0
0.0
0.267
0.728
0.005
0.0
0.0
1.0
0.0
0.0
0.0
0.0
1.0
0.0
0.0
0.0
0.0
0.014
0.972
0.006
0.005
0.001
0.0
0.0
1.0
0.0
0.0
0.006
0.0
0.001
0.993
0.0
0.011
0.062
0.005
0.922
0.0
0.075
0.0
0.0
0.925
0.0
0.072
0.0
0.0
0.928
0.0
0.001
0.962
0.006
0.028
0.001
0.0
0.0
1.0
0.0
0.0
0.006
0.0
0.002
0.992
0.0
0.0
0.0
0.005
0.032
0.963
0.009
0.0
0.001
0.99
0.0
0.007
0.0
0.001
0.992
0.0
HT 200 info_gain 0.05 False False nb 0 [0.9, 0.66, 0.75] 5000 10000 1000 1000
0.006
0.984
0.006
0.001
0.001
0.005
0.0
0.995
0.0
0.0
0.999
0.0
0.001
0.0
0.0
0.267
0.728
0.005
0.0
0.0
1.0
0.0
0.0
0.0
0.0
1.0
0.0
0.0
0.0
0.0
0.001
0.989
0.006
0.001
0.001
0.005
0.0
0.995
0.0
0.0
0.012
0.0
0.001
0.987
0.0
0.01
0.014
0.005
0.971
0.0
0.129
0.0
0.0
0.871
0.0
0.181
0.0
0.0
0.819
0.0
0.006
0.984
0.006
0.001
0.001
0.0
0.0
1.0
0.0
0.0
0.039
0.0
0.001
0.96
0.0
0.094
0.0
0.005
0.2
0.701
0.992
0.0
0.0
0.008
0.0
0.992
0.0
0.0
0.008
0.0
HT 200 info_gain 0.05 False False nb 0 [0.9, 0.66, 0.75] 5000 10000 1000 600
0.006
0.984
0.006
0.001
0.001
0.005
0.0
0.995
0.0
0.0
0.999
0.0
0.001
0.0
0.0
0.267
0.728
0.005
0.0
0.0
1.0
0.0
0.0
0.0
0.0
1.0
0.0
0.0
0.0
0.0
0.006
0.984
0.006
0.001
0.001
0.0
0.0
1.0
0.0
0.0
0.019
0.001
0.001
0.979
0.0
0.012
0.015
0.005
0.968
0.0
0.978
0.0
0.0
0.022
0.0
0.978
0.0
0.0
0.022
0.0
0.006
0.984
0.006
0.001
0.001
0.0
0.0
1.0
0.0
0.0
0.019
0.0
0.001
0.98
0.0
0.045
0.0
0.005
0.151
0.799
0.423
0.568
0.0
0.009
0.0
0.486
0.506
0.0
0.008
0.0
HT 200 info_gain 0.05 False False nb 0 [0.9, 0.66, 0.75] 5000 10000 1000 2000
0.006
0.984
0.006
0.001
0.001
0.005
0.0
0.995
0.0
0.0
0.999
0.0
0.001
0.0
0.0
0.267
0.728
0.005
0.0
0.0
1.0
0.0
0.0
0.0
0.0
1.0
0.0
0.0
0.0
0.0
0.002
0.988
0.006
0.001
0.001
0.005
0.0
0.995
0.0
0.0
0.007
0.0
0.001
0.992
0.0
0.012
0.039
0.005
0.944
0.0
0.956
0.0
0.0
0.044
0.0
0.959
0.0
0.0
0.041
0.0
0.001
0.989
0.006
0.001
0.001
0.0
0.0
1.0
0.0
0.0
0.012
0.0
0.001
0.987
0.0
0.037
0.0
0.005
0.016
0.942
0.947
0.0
0.0
0.053
0.0
0.947
0.0
0.0
0.053
0.0
HT 200 info_gain 0.05 False False nb 0 [0.9, 0.66, 0.75] 5000 10000 1000 5000
0.006
0.984
0.006
0.001
0.001
0.005
0.0
0.995
0.0
0.0
0.999
0.0
0.001
0.0
0.0
0.267
0.728
0.005
0.0
0.0
1.0
0.0
0.0
0.0
0.0
1.0
0.0
0.0
0.0
0.0
0.006
0.97
0.006
0.015
0.001
0.0
0.0
1.0
0.0
0.0
0.01
0.0
0.001
0.989
0.0
0.008
0.081
0.005
0.906
0.0
0.064
0.0
0.0
0.936
0.0
0.063
0.0
0.0
0.937
0.0
0.001
0.96
0.006
0.03
0.001
0.0
0.0
1.0
0.0
0.0
0.007
0.0
0.001
0.992
0.0
0.006
0.0
0.005
0.026
0.963
0.011
0.0
0.001
0.988
0.0
0.009
0.0
0.001
0.99
0.0
HT 200 info_gain 0.05 False False nb 0 [1, 1, 1] 500 10000 1000 1000
0.006
0.984
0.006
0.001
0.001
0.005
0.0
0.995
0.0
0.0
0.999
0.0
0.001
0.0
0.0
0.267
0.728
0.005
0.0
0.0
1.0
0.0
0.0
0.0
0.0
1.0
0.0
0.0
0.0
0.0
0.016
0.979
0.001
0.001
0.001
0.01
0.0
0.99
0.0
0.0
0.012
0.0
0.0
0.988
0.0
0.015
0.0
0.0
0.985
0.0
0.091
0.0
0.0
0.909
0.0
0.091
0.0
0.0
0.909
0.0
0.016
0.979
0.001
0.001
0.001
0.01
0.0
0.99
0.0
0.0
0.019
0.0
0.0
0.981
0.0
0.835
0.0
0.0
0.0
0.165
0.978
0.0
0.0
0.022
0.0
0.967
0.0
0.0
0.033
0.0
HT 200 info_gain 0.05 False False nb 0 [1, 1, 1] 500 10000 1000 600
0.006
0.984
0.006
0.001
0.001
0.005
0.0
0.995
0.0
0.0
0.999
0.0
0.001
0.0
0.0
0.267
0.728
0.005
0.0
0.0
1.0
0.0
0.0
0.0
0.0
1.0
0.0
0.0
0.0
0.0
0.016
0.979
0.001
0.001
0.001
0.011
0.0
0.989
0.0
0.0
0.021
0.0
0.0
0.979
0.0
0.015
0.0
0.0
0.985
0.0
0.985
0.0
0.0
0.015
0.0
0.985
0.0
0.0
0.015
0.0
0.016
0.979
0.001
0.001
0.001
0.005
0.0
0.995
0.0
0.0
0.034
0.0
0.0
0.966
0.0
0.823
0.0
0.0
0.0
0.177
0.451
0.539
0.0
0.01
0.0
0.524
0.466
0.0
0.01
0.0
HT 200 info_gain 0.05 False False nb 0 [1, 1, 1] 500 10000 1000 2000
0.006
0.984
0.006
0.001
0.001
0.005
0.0
0.995
0.0
0.0
0.999
0.0
0.001
0.0
0.0
0.267
0.728
0.005
0.0
0.0
1.0
0.0
0.0
0.0
0.0
1.0
0.0
0.0
0.0
0.0
0.016
0.979
0.001
0.001
0.001
0.007
0.0
0.993
0.0
0.0
0.01
0.0
0.0
0.99
0.0
0.018
0.0
0.0
0.982
0.0
0.091
0.0
0.0
0.909
0.0
0.087
0.0
0.0
0.913
0.0
0.072
0.893
0.001
0.031
0.001
0.005
0.0
0.995
0.0
0.0
0.009
0.0
0.0
0.991
0.0
0.81
0.0
0.0
0.0
0.19
0.946
0.0
0.0
0.054
0.0
0.923
0.0
0.0
0.077
0.0
HT 200 info_gain 0.05 False False nb 0 [1, 1, 1] 500 10000 1000 5000
0.006
0.984
0.006
0.001
0.001
0.005
0.0
0.995
0.0
0.0
0.999
0.0
0.001
0.0
0.0
0.267
0.728
0.005
0.0
0.0
1.0
0.0
0.0
0.0
0.0
1.0
0.0
0.0
0.0
0.0
0.018
0.947
0.001
0.031
0.001
0.005
0.0
0.985
0.01
0.0
0.006
0.0
0.0
0.994
0.0
0.024
0.0
0.0
0.976
0.0
0.064
0.0
0.0
0.936
0.0
0.063
0.0
0.0
0.937
0.0
0.045
0.935
0.001
0.016
0.001
0.01
0.0
0.99
0.0
0.0
0.337
0.005
0.0
0.658
0.0
0.171
0.0
0.0
0.01
0.819
0.083
0.408
0.0
0.509
0.0
0.115
0.379
0.0
0.506
0.0
HT 200 info_gain 0.05 False False nb 0 [1, 1, 1] 1000 10000 1000 1000
0.006
0.984
0.006
0.001
0.001
0.005
0.0
0.995
0.0
0.0
0.999
0.0
0.001
0.0
0.0
0.267
0.728
0.005
0.0
0.0
1.0
0.0
0.0
0.0
0.0
1.0
0.0
0.0
0.0
0.0
0.007
0.969
0.006
0.015
0.001
0.0
0.0
1.0
0.0
0.0
0.008
0.0
0.001
0.991
0.0
0.021
0.0
0.005
0.974
0.0
0.059
0.0
0.0
0.941
0.0
0.06
0.0
0.0
0.94
0.0
0.006
0.984
0.006
0.001
0.001
0.005
0.0
0.995
0.0
0.0
0.011
0.0
0.001
0.988
0.0
0.831
0.0
0.005
0.0
0.164
0.162
0.435
0.0
0.403
0.0
0.174
0.34
0.0
0.486
0.0
HT 200 info_gain 0.05 False False nb 0 [1, 1, 1] 1000 10000 1000 600
0.006
0.984
0.006
0.001
0.001
0.005
0.0
0.995
0.0
0.0
0.999
0.0
0.001
0.0
0.0
0.267
0.728
0.005
0.0
0.0
1.0
0.0
0.0
0.0
0.0
1.0
0.0
0.0
0.0
0.0
0.006
0.984
0.006
0.001
0.001
0.005
0.0
0.995
0.0
0.0
0.019
0.0
0.001
0.98
0.0
0.024
0.0
0.005
0.971
0.0
0.983
0.0
0.0
0.017
0.0
0.983
0.0
0.0
0.017
0.0
0.006
0.984
0.006
0.001
0.001
0.0
0.0
1.0
0.0
0.0
0.022
0.0
0.001
0.977
0.0
0.814
0.0
0.005
0.0
0.181
0.154
0.504
0.0
0.342
0.0
0.157
0.418
0.0
0.425
0.0
HT 200 info_gain 0.05 False False nb 0 [1, 1, 1] 1000 10000 1000 2000
0.006
0.984
0.006
0.001
0.001
0.005
0.0
0.995
0.0
0.0
0.999
0.0
0.001
0.0
0.0
0.267
0.728
0.005
0.0
0.0
1.0
0.0
0.0
0.0
0.0
1.0
0.0
0.0
0.0
0.0
0.014
0.961
0.006
0.016
0.001
0.002
0.0
0.998
0.0
0.0
0.011
0.0
0.001
0.988
0.0
0.032
0.008
0.005
0.955
0.0
0.065
0.0
0.0
0.935
0.0
0.066
0.0
0.0
0.934
0.0
0.007
0.983
0.006
0.001
0.001
0.0
0.0
1.0
0.0
0.0
0.008
0.0
0.001
0.991
0.0
0.799
0.0
0.005
0.0
0.196
0.23
0.315
0.0
0.455
0.0
0.19
0.276
0.0
0.534
0.0
HT 200 info_gain 0.05 False False nb 0 [1, 1, 1] 1000 10000 1000 5000
0.006
0.984
0.006
0.001
0.001
0.005
0.0
0.995
0.0
0.0
0.999
0.0
0.001
0.0
0.0
0.267
0.728
0.005
0.0
0.0
1.0
0.0
0.0
0.0
0.0
1.0
0.0
0.0
0.0
0.0
0.039
0.951
0.006
0.001
0.001
0.005
0.0
0.995
0.0
0.0
0.008
0.0
0.001
0.991
0.0
0.018
0.0
0.005
0.977
0.0
0.067
0.0
0.0
0.933
0.0
0.068
0.0
0.0
0.932
0.0
0.033
0.938
0.006
0.02
0.001
0.005
0.0
0.995
0.0
0.0
0.01
0.0
0.001
0.989
0.0
0.043
0.0
0.005
0.024
0.928
0.011
0.0
0.0
0.989
0.0
0.011
0.0
0.0
0.989
0.0
HT 200 info_gain 0.05 False False nb 0 [1, 1, 1] 2000 10000 1000 1000
0.006
0.984
0.006
0.001
0.001
0.005
0.0
0.995
0.0
0.0
0.999
0.0
0.001
0.0
0.0
0.267
0.728
0.005
0.0
0.0
1.0
0.0
0.0
0.0
0.0
1.0
0.0
0.0
0.0
0.0
0.006
0.984
0.006
0.001
0.001
0.003
0.0
0.992
0.005
0.0
0.009
0.0
0.001
0.99
0.0
0.036
0.002
0.005
0.957
0.0
0.089
0.0
0.0
0.911
0.0
0.086
0.0
0.0
0.914
0.0
0.001
0.989
0.006
0.001
0.001
0.005
0.0
0.995
0.0
0.0
0.009
0.0
0.001
0.99
0.0
0.832
0.0
0.005
0.0
0.163
0.073
0.0
0.0
0.927
0.0
0.075
0.0
0.0
0.925
0.0
HT 200 info_gain 0.05 False False nb 0 [1, 1, 1] 2000 10000 1000 600
0.006
0.984
0.006
0.001
0.001
0.005
0.0
0.995
0.0
0.0
0.999
0.0
0.001
0.0
0.0
0.267
0.728
0.005
0.0
0.0
1.0
0.0
0.0
0.0
0.0
1.0
0.0
0.0
0.0
0.0
0.006
0.984
0.006
0.001
0.001
0.005
0.0
0.995
0.0
0.0
0.025
0.001
0.001
0.973
0.0
0.04
0.0
0.005
0.955
0.0
0.987
0.0
0.0
0.013
0.0
0.987
0.0
0.0
0.013
0.0
0.006
0.984
0.006
0.001
0.001
0.0
0.0
1.0
0.0
0.0
0.032
0.0
0.001
0.967
0.0
0.813
0.0
0.005
0.0
0.182
0.428
0.0
0.0
0.572
0.0
0.504
0.0
0.0
0.496
0.0
HT 200 info_gain 0.05 False False nb 0 [1, 1, 1] 2000 10000 1000 2000
0.006
0.984
0.006
0.001
0.001
0.005
0.0
0.995
0.0
0.0
0.999
0.0
0.001
0.0
0.0
0.267
0.728
0.005
0.0
0.0
1.0
0.0
0.0
0.0
0.0
1.0
0.0
0.0
0.0
0.0
0.014
0.961
0.006
0.016
0.001
0.002
0.0
0.998
0.0
0.0
0.008
0.0
0.001
0.991
0.0
0.057
0.017
0.005
0.921
0.0
0.063
0.0
0.0
0.937
0.0
0.066
0.0
0.0
0.934
0.0
0.001
0.989
0.006
0.001
0.001
0.0
0.0
1.0
0.0
0.0
0.013
0.0
0.001
0.986
0.0
0.787
0.0
0.005
0.0
0.208
0.939
0.0
0.0
0.061
0.0
0.93
0.0
0.0
0.07
0.0
HT 200 info_gain 0.05 False False nb 0 [1, 1, 1] 2000 10000 1000 5000
0.006
0.984
0.006
0.001
0.001
0.005
0.0
0.995
0.0
0.0
0.999
0.0
0.001
0.0
0.0
0.267
0.728
0.005
0.0
0.0
1.0
0.0
0.0
0.0
0.0
1.0
0.0
0.0
0.0
0.0
0.046
0.944
0.006
0.001
0.001
0.0
0.0
1.0
0.0
0.0
0.008
0.0
0.001
0.991
0.0
0.052
0.042
0.005
0.901
0.0
0.07
0.0
0.0
0.93
0.0
0.071
0.0
0.0
0.929
0.0
0.032
0.94
0.006
0.019
0.001
0.0
0.0
1.0
0.0
0.0
0.012
0.0
0.002
0.986
0.0
0.047
0.0
0.005
0.028
0.92
0.017
0.0
0.0
0.983
0.0
0.061
0.0
0.001
0.938
0.0
HT 200 info_gain 0.05 False False nb 0 [1, 1, 1] 5000 10000 1000 1000
0.006
0.984
0.006
0.001
0.001
0.005
0.0
0.995
0.0
0.0
0.999
0.0
0.001
0.0
0.0
0.267
0.728
0.005
0.0
0.0
1.0
0.0
0.0
0.0
0.0
1.0
0.0
0.0
0.0
0.0
0.006
0.984
0.006
0.001
0.001
0.0
0.0
1.0
0.0
0.0
0.01
0.0
0.001
0.989
0.0
0.047
0.004
0.005
0.944
0.0
0.981
0.0
0.0
0.019
0.0
0.98
0.0
0.0
0.02
0.0
0.006
0.984
0.006
0.001
0.001
0.0
0.0
1.0
0.0
0.0
0.027
0.0
0.001
0.972
0.0
0.82
0.0
0.005
0.0
0.175
0.393
0.0
0.0
0.607
0.0
0.461
0.0
0.0
0.539
0.0
HT 200 info_gain 0.05 False False nb 0 [1, 1, 1] 5000 10000 1000 600
0.006
0.984
0.006
0.001
0.001
0.005
0.0
0.995
0.0
0.0
0.999
0.0
0.001
0.0
0.0
0.267
0.728
0.005
0.0
0.0
1.0
0.0
0.0
0.0
0.0
1.0
0.0
0.0
0.0
0.0
0.001
0.989
0.006
0.001
0.001
0.0
0.0
1.0
0.0
0.0
0.058
0.001
0.001
0.94
0.0
0.052
0.003
0.005
0.94
0.0
0.982
0.0
0.0
0.018
0.0
0.982
0.0
0.0
0.018
0.0
0.001
0.989
0.006
0.001
0.001
0.0
0.0
1.0
0.0
0.0
0.03
0.0
0.001
0.969
0.0
0.791
0.0
0.005
0.0
0.204
0.481
0.515
0.0
0.004
0.0
0.569
0.427
0.0
0.004
0.0
HT 200 info_gain 0.05 False False nb 0 [1, 1, 1] 5000 10000 1000 2000
0.006
0.984
0.006
0.001
0.001
0.005
0.0
0.995
0.0
0.0
0.999
0.0
0.001
0.0
0.0
0.267
0.728
0.005
0.0
0.0
1.0
0.0
0.0
0.0
0.0
1.0
0.0
0.0
0.0
0.0
0.009
0.981
0.006
0.001
0.001
0.0
0.0
1.0
0.0
0.0
0.015
0.0
0.001
0.984
0.0
0.058
0.016
0.005
0.921
0.0
0.101
0.0
0.0
0.899
0.0
0.098
0.0
0.0
0.902
0.0
0.013
0.975
0.006
0.003
0.001
0.0
0.0
1.0
0.0
0.0
0.008
0.0
0.001
0.991
0.0
0.802
0.0
0.005
0.0
0.193
0.035
0.0
0.0
0.965
0.0
0.032
0.0
0.0
0.968
0.0
HT 200 info_gain 0.05 False False nb 0 [1, 1, 1] 5000 10000 1000 5000
0.006
0.984
0.006
0.001
0.001
0.005
0.0
0.995
0.0
0.0
0.999
0.0
0.001
0.0
0.0
0.267
0.728
0.005
0.0
0.0
1.0
0.0
0.0
0.0
0.0
1.0
0.0
0.0
0.0
0.0
0.006
0.984
0.006
0.001
0.001
0.0
0.0
1.0
0.0
0.0
0.006
0.0
0.001
0.993
0.0
0.059
0.058
0.005
0.878
0.0
0.108
0.0
0.0
0.892
0.0
0.148
0.0
0.0
0.852
0.0
0.027
0.946
0.006
0.018
0.001
0.0
0.0
1.0
0.0
0.0
0.008
0.0
0.001
0.991
0.0
0.038
0.0
0.005
0.017
0.94
0.009
0.0
0.0
0.991
0.0
0.007
0.0
0.0
0.993
0.0
HT 200 info_gain 0.05 False False nb 0 [0.9, 0.9, 0.9] 500 10000 1000 1000
0.006
0.984
0.006
0.001
0.001
0.005
0.0
0.995
0.0
0.0
0.999
0.0
0.001
0.0
0.0
0.267
0.728
0.005
0.0
0.0
1.0
0.0
0.0
0.0
0.0
1.0
0.0
0.0
0.0
0.0
0.016
0.979
0.001
0.001
0.001
0.008
0.0
0.992
0.0
0.0
0.019
0.0
0.0
0.981
0.0
0.015
0.0
0.0
0.985
0.0
0.097
0.0
0.0
0.903
0.0
0.097
0.0
0.0
0.903
0.0
0.011
0.984
0.001
0.001
0.001
0.005
0.0
0.995
0.0
0.0
0.017
0.0
0.0
0.983
0.0
0.204
0.0
0.0
0.254
0.542
0.977
0.0
0.0
0.023
0.0
0.967
0.0
0.0
0.033
0.0
HT 200 info_gain 0.05 False False nb 0 [0.9, 0.9, 0.9] 500 10000 1000 600
0.006
0.984
0.006
0.001
0.001
0.005
0.0
0.995
0.0
0.0
0.999
0.0
0.001
0.0
0.0
0.267
0.728
0.005
0.0
0.0
1.0
0.0
0.0
0.0
0.0
1.0
0.0
0.0
0.0
0.0
0.016
0.979
0.001
0.001
0.001
0.01
0.0
0.99
0.0
0.0
0.022
0.0
0.0
0.978
0.0
0.015
0.0
0.0
0.985
0.0
0.984
0.0
0.0
0.016
0.0
0.984
0.0
0.0
0.016
0.0
0.016
0.979
0.001
0.001
0.001
0.008
0.0
0.992
0.0
0.0
0.023
0.0
0.0
0.977
0.0
0.137
0.0
0.0
0.172
0.691
0.104
0.149
0.0
0.747
0.0
0.115
0.109
0.0
0.776
0.0
HT 200 info_gain 0.05 False False nb 0 [0.9, 0.9, 0.9] 500 10000 1000 2000
0.006
0.984
0.006
0.001
0.001
0.005
0.0
0.995
0.0
0.0
0.999
0.0
0.001
0.0
0.0
0.267
0.728
0.005
0.0
0.0
1.0
0.0
0.0
0.0
0.0
1.0
0.0
0.0
0.0
0.0
0.016
0.979
0.001
0.001
0.001
0.009
0.0
0.991
0.0
0.0
0.01
0.0
0.0
0.99
0.0
0.018
0.0
0.0
0.982
0.0
0.09
0.0
0.0
0.91
0.0
0.089
0.0
0.0
0.911
0.0
0.152
0.803
0.001
0.041
0.001
0.005
0.0
0.995
0.0
0.0
0.005
0.0
0.0
0.995
0.0
0.218
0.0
0.0
0.081
0.701
0.918
0.0
0.0
0.082
0.0
0.888
0.0
0.0
0.112
0.0
HT 200 info_gain 0.05 False False nb 0 [0.9, 0.9, 0.9] 500 10000 1000 5000
0.006
0.984
0.006
0.001
0.001
0.005
0.0
0.995
0.0
0.0
0.999
0.0
0.001
0.0
0.0
0.267
0.728
0.005
0.0
0.0
1.0
0.0
0.0
0.0
0.0
1.0
0.0
0.0
0.0
0.0
0.001
0.953
0.001
0.042
0.001
0.0
0.0
0.99
0.01
0.0
0.006
0.0
0.0
0.994
0.0
0.024
0.0
0.0
0.976
0.0
0.063
0.0
0.0
0.937
0.0
0.062
0.0
0.0
0.938
0.0
0.016
0.957
0.001
0.023
0.001
0.01
0.0
0.99
0.0
0.0
0.054
0.103
0.0
0.843
0.0
0.006
0.0
0.0
0.017
0.977
0.012
0.465
0.0
0.523
0.0
0.013
0.46
0.0
0.527
0.0
HT 200 info_gain 0.05 False False nb 0 [0.9, 0.9, 0.9] 1000 10000 1000 1000
0.006
0.984
0.006
0.001
0.001
0.005
0.0
0.995
0.0
0.0
0.999
0.0
0.001
0.0
0.0
0.267
0.728
0.005
0.0
0.0
1.0
0.0
0.0
0.0
0.0
1.0
0.0
0.0
0.0
0.0
0.006
0.984
0.006
0.001
0.001
0.0
0.0
1.0
0.0
0.0
0.013
0.0
0.001
0.986
0.0
0.011
0.002
0.005
0.982
0.0
0.984
0.0
0.0
0.016
0.0
0.982
0.0
0.0
0.018
0.0
0.006
0.984
0.006
0.001
0.001
0.0
0.0
1.0
0.0
0.0
0.01
0.0
0.001
0.989
0.0
0.185
0.0
0.005
0.102
0.708
0.074
0.482
0.0
0.444
0.0
0.075
0.387
0.0
0.538
0.0
HT 200 info_gain 0.05 False False nb 0 [0.9, 0.9, 0.9] 1000 10000 1000 600
0.006
0.984
0.006
0.001
0.001
0.005
0.0
0.995
0.0
0.0
0.999
0.0
0.001
0.0
0.0
0.267
0.728
0.005
0.0
0.0
1.0
0.0
0.0
0.0
0.0
1.0
0.0
0.0
0.0
0.0
0.006
0.984
0.006
0.001
0.001
0.007
0.0
0.993
0.0
0.0
0.019
0.0
0.001
0.98
0.0
0.012
0.001
0.005
0.982
0.0
0.984
0.0
0.0
0.016
0.0
0.984
0.0
0.0
0.016
0.0
0.006
0.984
0.006
0.001
0.001
0.0
0.0
1.0
0.0
0.0
0.022
0.0
0.001
0.977
0.0
0.122
0.0
0.005
0.12
0.753
0.134
0.342
0.0
0.524
0.0
0.134
0.295
0.0
0.571
0.0
HT 200 info_gain 0.05 False False nb 0 [0.9, 0.9, 0.9] 1000 10000 1000 2000
0.006
0.984
0.006
0.001
0.001
0.005
0.0
0.995
0.0
0.0
0.999
0.0
0.001
0.0
0.0
0.267
0.728
0.005
0.0
0.0
1.0
0.0
0.0
0.0
0.0
1.0
0.0
0.0
0.0
0.0
0.006
0.984
0.006
0.001
0.001
0.002
0.0
0.998
0.0
0.0
0.008
0.0
0.001
0.991
0.0
0.015
0.012
0.005
0.968
0.0
0.09
0.0
0.0
0.91
0.0
0.089
0.0
0.0
0.911
0.0
0.006
0.984
0.006
0.001
0.001
0.0
0.0
1.0
0.0
0.0
0.009
0.0
0.001
0.99
0.0
0.069
0.0
0.005
0.0
0.926
0.03
0.0
0.0
0.97
0.0
0.032
0.0
0.0
0.968
0.0
HT 200 info_gain 0.05 False False nb 0 [0.9, 0.9, 0.9] 1000 10000 1000 5000
0.006
0.984
0.006
0.001
0.001
0.005
0.0
0.995
0.0
0.0
0.999
0.0
0.001
0.0
0.0
0.267
0.728
0.005
0.0
0.0
1.0
0.0
0.0
0.0
0.0
1.0
0.0
0.0
0.0
0.0
0.006
0.984
0.006
0.001
0.001
0.005
0.0
0.995
0.0
0.0
0.007
0.0
0.001
0.992
0.0
0.018
0.0
0.005
0.977
0.0
0.066
0.0
0.0
0.934
0.0
0.065
0.0
0.0
0.935
0.0
0.001
0.958
0.006
0.032
0.001
0.005
0.0
0.995
0.0
0.0
0.008
0.0
0.001
0.991
0.0
0.002
0.0
0.005
0.039
0.954
0.011
0.0
0.0
0.989
0.0
0.01
0.0
0.0
0.99
0.0
HT 200 info_gain 0.05 False False nb 0 [0.9, 0.9, 0.9] 2000 10000 1000 1000
0.006
0.984
0.006
0.001
0.001
0.005
0.0
0.995
0.0
0.0
0.999
0.0
0.001
0.0
0.0
0.267
0.728
0.005
0.0
0.0
1.0
0.0
0.0
0.0
0.0
1.0
0.0
0.0
0.0
0.0
0.006
0.984
0.006
0.001
0.001
0.004
0.0
0.996
0.0
0.0
0.009
0.0
0.001
0.99
0.0
0.011
0.01
0.005
0.974
0.0
0.089
0.0
0.0
0.911
0.0
0.086
0.0
0.0
0.914
0.0
0.001
0.934
0.006
0.056
0.001
0.0
0.0
1.0
0.0
0.0
0.002
0.008
0.001
0.989
0.0
0.187
0.0
0.005
0.124
0.684
0.005
0.911
0.0
0.084
0.0
0.005
0.904
0.0
0.091
0.0
HT 200 info_gain 0.05 False False nb 0 [0.9, 0.9, 0.9] 2000 10000 1000 600
0.006
0.984
0.006
0.001
0.001
0.005
0.0
0.995
0.0
0.0
0.999
0.0
0.001
0.0
0.0
0.267
0.728
0.005
0.0
0.0
1.0
0.0
0.0
0.0
0.0
1.0
0.0
0.0
0.0
0.0
0.006
0.984
0.006
0.001
0.001
0.006
0.0
0.994
0.0
0.0
0.02
0.001
0.001
0.978
0.0
0.011
0.008
0.005
0.976
0.0
0.985
0.0
0.0
0.015
0.0
0.985
0.0
0.0
0.015
0.0
0.006
0.984
0.006
0.001
0.001
0.0
0.0
1.0
0.0
0.0
0.021
0.0
0.001
0.978
0.0
0.1
0.0
0.005
0.118
0.777
0.142
0.0
0.0
0.858
0.0
0.197
0.0
0.0
0.803
0.0
HT 200 info_gain 0.05 False False nb 0 [0.9, 0.9, 0.9] 2000 10000 1000 2000
0.006
0.984
0.006
0.001
0.001
0.005
0.0
0.995
0.0
0.0
0.999
0.0
0.001
0.0
0.0
0.267
0.728
0.005
0.0
0.0
1.0
0.0
0.0
0.0
0.0
1.0
0.0
0.0
0.0
0.0
0.006
0.968
0.006
0.017
0.001
0.002
0.0
0.998
0.0
0.0
0.007
0.0
0.001
0.992
0.0
0.017
0.035
0.005
0.943
0.0
0.065
0.0
0.0
0.935
0.0
0.067
0.0
0.0
0.933
0.0
0.001
0.989
0.006
0.001
0.001
0.0
0.0
1.0
0.0
0.0
0.008
0.0
0.001
0.991
0.0
0.007
0.0
0.005
0.0
0.988
0.942
0.0
0.0
0.058
0.0
0.931
0.0
0.0
0.069
0.0
HT 200 info_gain 0.05 False False nb 0 [0.9, 0.9, 0.9] 2000 10000 1000 5000
0.006
0.984
0.006
0.001
0.001
0.005
0.0
0.995
0.0
0.0
0.999
0.0
0.001
0.0
0.0
0.267
0.728
0.005
0.0
0.0
1.0
0.0
0.0
0.0
0.0
1.0
0.0
0.0
0.0
0.0
0.016
0.956
0.006
0.019
0.001
0.0
0.0
1.0
0.0
0.0
0.008
0.0
0.001
0.991
0.0
0.013
0.061
0.005
0.921
0.0
0.073
0.0
0.0
0.927
0.0
0.071
0.0
0.0
0.929
0.0
0.001
0.962
0.006
0.028
0.001
0.0
0.0
1.0
0.0
0.0
0.006
0.0
0.002
0.992
0.0
0.001
0.0
0.006
0.041
0.952
0.012
0.0
0.0
0.988
0.0
0.008
0.0
0.001
0.991
0.0
HT 200 info_gain 0.05 False False nb 0 [0.9, 0.9, 0.9] 5000 10000 1000 1000
0.006
0.984
0.006
0.001
0.001
0.005
0.0
0.995
0.0
0.0
0.999
0.0
0.001
0.0
0.0
0.267
0.728
0.005
0.0
0.0
1.0
0.0
0.0
0.0
0.0
1.0
0.0
0.0
0.0
0.0
0.001
0.989
0.006
0.001
0.001
0.0
0.0
1.0
0.0
0.0
0.014
0.0
0.001
0.985
0.0
0.01
0.014
0.005
0.971
0.0
0.982
0.0
0.0
0.018
0.0
0.982
0.0
0.0
0.018
0.0
0.001
0.989
0.006
0.001
0.001
0.0
0.0
1.0
0.0
0.0
0.01
0.0
0.001
0.989
0.0
0.17
0.0
0.005
0.162
0.663
0.987
0.0
0.0
0.013
0.0
0.986
0.0
0.0
0.014
0.0
HT 200 info_gain 0.05 False False nb 0 [0.9, 0.9, 0.9] 5000 10000 1000 600
0.006
0.984
0.006
0.001
0.001
0.005
0.0
0.995
0.0
0.0
0.999
0.0
0.001
0.0
0.0
0.267
0.728
0.005
0.0
0.0
1.0
0.0
0.0
0.0
0.0
1.0
0.0
0.0
0.0
0.0
0.005
0.985
0.006
0.001
0.001
0.0
0.0
1.0
0.0
0.0
0.06
0.001
0.001
0.938
0.0
0.013
0.014
0.005
0.968
0.0
0.976
0.0
0.0
0.024
0.0
0.976
0.0
0.0
0.024
0.0
0.001
0.989
0.006
0.001
0.001
0.0
0.0
1.0
0.0
0.0
0.038
0.001
0.001
0.96
0.0
0.097
0.0
0.005
0.124
0.774
0.449
0.543
0.0
0.008
0.0
0.519
0.473
0.0
0.008
0.0
HT 200 info_gain 0.05 False False nb 0 [0.9, 0.9, 0.9] 5000 10000 1000 2000
0.006
0.984
0.006
0.001
0.001
0.005
0.0
0.995
0.0
0.0
0.999
0.0
0.001
0.0
0.0
0.267
0.728
0.005
0.0
0.0
1.0
0.0
0.0
0.0
0.0
1.0
0.0
0.0
0.0
0.0
0.006
0.984
0.006
0.001
0.001
0.0
0.0
1.0
0.0
0.0
0.045
0.0
0.001
0.954
0.0
0.015
0.037
0.005
0.943
0.0
0.123
0.0
0.0
0.877
0.0
0.143
0.0
0.0
0.857
0.0
0.006
0.977
0.006
0.008
0.001
0.005
0.0
0.995
0.0
0.0
0.008
0.0
0.001
0.991
0.0
0.067
0.0
0.005
0.0
0.928
0.036
0.0
0.0
0.964
0.0
0.031
0.0
0.0
0.969
0.0
HT 200 info_gain 0.05 False False nb 0 [0.9, 0.9, 0.9] 5000 10000 1000 5000
0.006
0.984
0.006
0.001
0.001
0.005
0.0
0.995
0.0
0.0
0.999
0.0
0.001
0.0
0.0
0.267
0.728
0.005
0.0
0.0
1.0
0.0
0.0
0.0
0.0
1.0
0.0
0.0
0.0
0.0
0.006
0.984
0.006
0.001
0.001
0.0
0.0
1.0
0.0
0.0
0.008
0.0
0.001
0.991
0.0
0.01
0.08
0.005
0.905
0.0
0.099
0.0
0.0
0.901
0.0
0.118
0.0
0.0
0.882
0.0
0.002
0.96
0.006
0.029
0.001
0.005
0.0
0.995
0.0
0.0
0.009
0.0
0.001
0.99
0.0
0.006
0.0
0.005
0.025
0.964
0.009
0.0
0.001
0.99
0.0
0.007
0.0
0.001
0.992
0.0
HT 200 info_gain 0.05 False False nb 0 [0.5, 0.5, 0.5] 500 10000 1000 1000
0.006
0.984
0.006
0.001
0.001
0.005
0.0
0.995
0.0
0.0
0.999
0.0
0.001
0.0
0.0
0.267
0.728
0.005
0.0
0.0
1.0
0.0
0.0
0.0
0.0
1.0
0.0
0.0
0.0
0.0
0.016
0.979
0.001
0.001
0.001
0.005
0.0
0.99
0.005
0.0
0.019
0.0
0.0
0.981
0.0
0.015
0.0
0.0
0.985
0.0
0.097
0.0
0.0
0.903
0.0
0.097
0.0
0.0
0.903
0.0
0.016
0.979
0.001
0.001
0.001
0.015
0.0
0.985
0.0
0.0
0.01
0.002
0.0
0.988
0.0
0.01
0.0
0.0
0.325
0.665
0.068
0.254
0.0
0.678
0.0
0.068
0.232
0.0
0.7
0.0
HT 200 info_gain 0.05 False False nb 0 [0.5, 0.5, 0.5] 500 10000 1000 600
0.006
0.984
0.006
0.001
0.001
0.005
0.0
0.995
0.0
0.0
0.999
0.0
0.001
0.0
0.0
0.267
0.728
0.005
0.0
0.0
1.0
0.0
0.0
0.0
0.0
1.0
0.0
0.0
0.0
0.0
0.027
0.968
0.001
0.001
0.001
0.01
0.0
0.99
0.0
0.0
0.026
0.0
0.0
0.974
0.0
0.015
0.0
0.0
0.985
0.0
0.984
0.0
0.0
0.016
0.0
0.984
0.0
0.0
0.016
0.0
0.017
0.978
0.001
0.001
0.001
0.008
0.0
0.992
0.0
0.0
0.024
0.0
0.0
0.976
0.0
0.01
0.0
0.0
0.221
0.769
0.468
0.523
0.0
0.009
0.0
0.551
0.44
0.0
0.009
0.0
HT 200 info_gain 0.05 False False nb 0 [0.5, 0.5, 0.5] 500 10000 1000 2000
0.006
0.984
0.006
0.001
0.001
0.005
0.0
0.995
0.0
0.0
0.999
0.0
0.001
0.0
0.0
0.267
0.728
0.005
0.0
0.0
1.0
0.0
0.0
0.0
0.0
1.0
0.0
0.0
0.0
0.0
0.016
0.979
0.001
0.001
0.001
0.012
0.0
0.976
0.012
0.0
0.009
0.0
0.0
0.991
0.0
0.018
0.0
0.0
0.982
0.0
0.091
0.0
0.0
0.909
0.0
0.09
0.0
0.0
0.91
0.0
0.097
0.893
0.001
0.006
0.001
0.005
0.0
0.995
0.0
0.0
0.019
0.0
0.0
0.981
0.0
0.01
0.0
0.0
0.187
0.803
0.958
0.0
0.0
0.042
0.0
0.935
0.0
0.0
0.065
0.0
HT 200 info_gain 0.05 False False nb 0 [0.5, 0.5, 0.5] 500 10000 1000 5000
0.006
0.984
0.006
0.001
0.001
0.005
0.0
0.995
0.0
0.0
0.999
0.0
0.001
0.0
0.0
0.267
0.728
0.005
0.0
0.0
1.0
0.0
0.0
0.0
0.0
1.0
0.0
0.0
0.0
0.0
0.001
0.953
0.001
0.042
0.001
0.0
0.0
0.99
0.01
0.0
0.006
0.0
0.0
0.994
0.0
0.024
0.0
0.0
0.976
0.0
0.063
0.0
0.0
0.937
0.0
0.062
0.0
0.0
0.938
0.0
0.011
0.957
0.001
0.028
0.001
0.01
0.0
0.99
0.0
0.0
0.009
0.105
0.0
0.886
0.0
0.005
0.0
0.0
0.017
0.978
0.008
0.467
0.0
0.525
0.0
0.007
0.465
0.0
0.528
0.0
HT 200 info_gain 0.05 False False nb 0 [0.5, 0.5, 0.5] 1000 10000 1000 1000
0.006
0.984
0.006
0.001
0.001
0.005
0.0
0.995
0.0
0.0
0.999
0.0
0.001
0.0
0.0
0.267
0.728
0.005
0.0
0.0
1.0
0.0
0.0
0.0
0.0
1.0
0.0
0.0
0.0
0.0
0.006
0.983
0.006
0.002
0.001
0.003
0.0
0.997
0.0
0.0
0.007
0.0
0.001
0.992
0.0
0.01
0.003
0.005
0.982
0.0
0.987
0.0
0.0
0.013
0.0
0.985
0.0
0.0
0.015
0.0
0.006
0.984
0.006
0.001
0.001
0.0
0.0
1.0
0.0
0.0
0.009
0.0
0.001
0.99
0.0
0.005
0.0
0.005
0.182
0.808
0.066
0.54
0.0
0.394
0.0
0.067
0.463
0.0
0.47
0.0
HT 200 info_gain 0.05 False False nb 0 [0.5, 0.5, 0.5] 1000 10000 1000 600
0.006
0.984
0.006
0.001
0.001
0.005
0.0
0.995
0.0
0.0
0.999
0.0
0.001
0.0
0.0
0.267
0.728
0.005
0.0
0.0
1.0
0.0
0.0
0.0
0.0
1.0
0.0
0.0
0.0
0.0
0.006
0.984
0.006
0.001
0.001
0.007
0.0
0.993
0.0
0.0
0.019
0.0
0.001
0.98
0.0
0.01
0.001
0.005
0.984
0.0
0.984
0.0
0.0
0.016
0.0
0.984
0.0
0.0
0.016
0.0
0.006
0.984
0.006
0.001
0.001
0.0
0.0
1.0
0.0
0.0
0.023
0.0
0.001
0.976
0.0
0.005
0.0
0.005
0.172
0.818
0.128
0.443
0.0
0.429
0.0
0.128
0.345
0.0
0.527
0.0
HT 200 info_gain 0.05 False False nb 0 [0.5, 0.5, 0.5] 1000 10000 1000 2000
0.006
0.984
0.006
0.001
0.001
0.005
0.0
0.995
0.0
0.0
0.999
0.0
0.001
0.0
0.0
0.267
0.728
0.005
0.0
0.0
1.0
0.0
0.0
0.0
0.0
1.0
0.0
0.0
0.0
0.0
0.006
0.984
0.006
0.001
0.001
0.002
0.0
0.998
0.0
0.0
0.01
0.0
0.001
0.989
0.0
0.012
0.013
0.005
0.97
0.0
0.09
0.0
0.0
0.91
0.0
0.09
0.0
0.0
0.91
0.0
0.002
0.988
0.006
0.001
0.001
0.0
0.0
1.0
0.0
0.0
0.011
0.0
0.001
0.988
0.0
0.005
0.0
0.005
0.029
0.961
0.935
0.0
0.0
0.065
0.0
0.915
0.0
0.0
0.085
0.0
HT 200 info_gain 0.05 False False nb 0 [0.5, 0.5, 0.5] 1000 10000 1000 5000
0.006
0.984
0.006
0.001
0.001
0.005
0.0
0.995
0.0
0.0
0.999
0.0
0.001
0.0
0.0
0.267
0.728
0.005
0.0
0.0
1.0
0.0
0.0
0.0
0.0
1.0
0.0
0.0
0.0
0.0
0.006
0.984
0.006
0.001
0.001
0.005
0.0
0.995
0.0
0.0
0.008
0.0
0.001
0.991
0.0
0.018
0.0
0.005
0.977
0.0
0.066
0.0
0.0
0.934
0.0
0.066
0.0
0.0
0.934
0.0
0.001
0.959
0.006
0.031
0.001
0.005
0.0
0.995
0.0
0.0
0.012
0.0
0.001
0.987
0.0
0.005
0.0
0.005
0.007
0.983
0.013
0.0
0.0
0.987
0.0
0.012
0.0
0.0
0.988
0.0
HT 200 info_gain 0.05 False False nb 0 [0.5, 0.5, 0.5] 2000 10000 1000 1000
0.006
0.984
0.006
0.001
0.001
0.005
0.0
0.995
0.0
0.0
0.999
0.0
0.001
0.0
0.0
0.267
0.728
0.005
0.0
0.0
1.0
0.0
0.0
0.0
0.0
1.0
0.0
0.0
0.0
0.0
0.006
0.984
0.006
0.001
0.001
0.005
0.0
0.995
0.0
0.0
0.013
0.0
0.001
0.986
0.0
0.01
0.011
0.005
0.974
0.0
0.984
0.0
0.0
0.016
0.0
0.982
0.0
0.0
0.018
0.0
0.006
0.984
0.006
0.001
0.001
0.0
0.0
0.995
0.005
0.0
0.014
0.0
0.001
0.985
0.0
0.005
0.0
0.005
0.202
0.788
0.985
0.0
0.0
0.015
0.0
0.984
0.0
0.0
0.016
0.0
HT 200 info_gain 0.05 False False nb 0 [0.5, 0.5, 0.5] 2000 10000 1000 600
0.006
0.984
0.006
0.001
0.001
0.005
0.0
0.995
0.0
0.0
0.999
0.0
0.001
0.0
0.0
0.267
0.728
0.005
0.0
0.0
1.0
0.0
0.0
0.0
0.0
1.0
0.0
0.0
0.0
0.0
0.006
0.984
0.006
0.001
0.001
0.0
0.0
1.0
0.0
0.0
0.021
0.001
0.001
0.977
0.0
0.01
0.009
0.005
0.976
0.0
0.985
0.0
0.0
0.015
0.0
0.985
0.0
0.0
0.015
0.0
0.006
0.984
0.006
0.001
0.001
0.0
0.0
1.0
0.0
0.0
0.021
0.0
0.001
0.978
0.0
0.005
0.0
0.005
0.166
0.824
0.151
0.0
0.0
0.849
0.0
0.203
0.0
0.0
0.797
0.0
HT 200 info_gain 0.05 False False nb 0 [0.5, 0.5, 0.5] 2000 10000 1000 2000
0.006
0.984
0.006
0.001
0.001
0.005
0.0
0.995
0.0
0.0
0.999
0.0
0.001
0.0
0.0
0.267
0.728
0.005
0.0
0.0
1.0
0.0
0.0
0.0
0.0
1.0
0.0
0.0
0.0
0.0
0.006
0.984
0.006
0.001
0.001
0.002
0.0
0.998
0.0
0.0
0.008
0.0
0.001
0.991
0.0
0.012
0.039
0.005
0.944
0.0
0.095
0.0
0.0
0.905
0.0
0.091
0.0
0.0
0.909
0.0
0.001
0.989
0.006
0.001
0.001
0.0
0.0
1.0
0.0
0.0
0.008
0.0
0.001
0.991
0.0
0.005
0.0
0.005
0.0
0.99
0.012
0.0
0.0
0.988
0.0
0.009
0.0
0.0
0.991
0.0
HT 200 info_gain 0.05 False False nb 0 [0.5, 0.5, 0.5] 2000 10000 1000 5000
0.006
0.984
0.006
0.001
0.001
0.005
0.0
0.995
0.0
0.0
0.999
0.0
0.001
0.0
0.0
0.267
0.728
0.005
0.0
0.0
1.0
0.0
0.0
0.0
0.0
1.0
0.0
0.0
0.0
0.0
0.006
0.968
0.006
0.017
0.001
0.0
0.0
1.0
0.0
0.0
0.008
0.0
0.001
0.991
0.0
0.016
0.062
0.005
0.917
0.0
0.074
0.0
0.0
0.926
0.0
0.072
0.0
0.0
0.928
0.0
0.001
0.974
0.001
0.016
0.006
0.0
0.0
0.995
0.0
0.005
0.006
0.0
0.0
0.993
0.001
0.0
0.0
0.0
0.028
0.972
0.008
0.0
0.0
0.992
0.0
0.007
0.0
0.0
0.993
0.0
HT 200 info_gain 0.05 False False nb 0 [0.5, 0.5, 0.5] 5000 10000 1000 1000
0.006
0.984
0.006
0.001
0.001
0.005
0.0
0.995
0.0
0.0
0.999
0.0
0.001
0.0
0.0
0.267
0.728
0.005
0.0
0.0
1.0
0.0
0.0
0.0
0.0
1.0
0.0
0.0
0.0
0.0
0.006
0.984
0.006
0.001
0.001
0.0
0.0
1.0
0.0
0.0
0.009
0.0
0.001
0.99
0.0
0.01
0.014
0.005
0.971
0.0
0.981
0.0
0.0
0.019
0.0
0.979
0.0
0.0
0.021
0.0
0.006
0.984
0.006
0.001
0.001
0.0
0.0
1.0
0.0
0.0
0.025
0.0
0.001
0.974
0.0
0.005
0.0
0.005
0.249
0.741
0.346
0.0
0.0
0.654
0.0
0.414
0.0
0.0
0.586
0.0
HT 200 info_gain 0.05 False False nb 0 [0.5, 0.5, 0.5] 5000 10000 1000 600
0.006
0.984
0.006
0.001
0.001
0.005
0.0
0.995
0.0
0.0
0.999
0.0
0.001
0.0
0.0
0.267
0.728
0.005
0.0
0.0
1.0
0.0
0.0
0.0
0.0
1.0
0.0
0.0
0.0
0.0
0.001
0.989
0.006
0.001
0.001
0.0
0.0
1.0
0.0
0.0
0.064
0.001
0.001
0.934
0.0
0.01
0.017
0.005
0.968
0.0
0.98
0.0
0.0
0.02
0.0
0.98
0.0
0.0
0.02
0.0
0.001
0.989
0.006
0.001
0.001
0.0
0.0
1.0
0.0
0.0
0.029
0.0
0.001
0.97
0.0
0.005
0.0
0.005
0.176
0.814
0.482
0.51
0.0
0.008
0.0
0.574
0.418
0.0
0.008
0.0
HT 200 info_gain 0.05 False False nb 0 [0.5, 0.5, 0.5] 5000 10000 1000 2000
0.006
0.984
0.006
0.001
0.001
0.005
0.0
0.995
0.0
0.0
0.999
0.0
0.001
0.0
0.0
0.267
0.728
0.005
0.0
0.0
1.0
0.0
0.0
0.0
0.0
1.0
0.0
0.0
0.0
0.0
0.005
0.985
0.006
0.001
0.001
0.0
0.0
1.0
0.0
0.0
0.009
0.0
0.001
0.99
0.0
0.012
0.039
0.005
0.944
0.0
0.983
0.0
0.0
0.017
0.0
0.985
0.0
0.0
0.015
0.0
0.001
0.989
0.006
0.001
0.001
0.005
0.0
0.995
0.0
0.0
0.012
0.0
0.001
0.987
0.0
0.005
0.0
0.005
0.034
0.956
0.943
0.0
0.0
0.057
0.0
0.945
0.0
0.0
0.055
0.0
HT 200 info_gain 0.05 False False nb 0 [0.5, 0.5, 0.5] 5000 10000 1000 5000
0.006
0.984
0.006
0.001
0.001
0.005
0.0
0.995
0.0
0.0
0.999
0.0
0.001
0.0
0.0
0.267
0.728
0.005
0.0
0.0
1.0
0.0
0.0
0.0
0.0
1.0
0.0
0.0
0.0
0.0
0.006
0.98
0.006
0.005
0.001
0.0
0.0
1.0
0.0
0.0
0.008
0.0
0.001
0.991
0.0
0.007
0.082
0.005
0.906
0.0
0.081
0.0
0.0
0.919
0.0
0.082
0.0
0.0
0.918
0.0
0.001
0.96
0.006
0.03
0.001
0.0
0.0
1.0
0.0
0.0
0.007
0.0
0.001
0.992
0.0
0.0
0.0
0.005
0.031
0.964
0.008
0.0
0.001
0.991
0.0
0.007
0.0
0.001
0.992
0.0
HT 200 info_gain 0.05 False False nb 5 [0.9, 0.66, 0.75] 500 10000 1000 1000
0.006
0.984
0.006
0.001
0.001
0.005
0.0
0.995
0.0
0.0
0.999
0.0
0.001
0.0
0.0
0.267
0.728
0.005
0.0
0.0
1.0
0.0
0.0
0.0
0.0
1.0
0.0
0.0
0.0
0.0
0.016
0.979
0.001
0.001
0.001
0.008
0.0
0.992
0.0
0.0
0.013
0.0
0.0
0.987
0.0
0.015
0.0
0.0
0.985
0.0
0.984
0.0
0.0
0.016
0.0
0.982
0.0
0.0
0.018
0.0
0.016
0.979
0.001
0.001
0.001
0.005
0.0
0.995
0.0
0.0
0.011
0.0
0.0
0.989
0.0
0.085
0.0
0.0
0.305
0.61
0.069
0.498
0.0
0.433
0.0
0.07
0.412
0.0
0.518
0.0
HT 200 info_gain 0.05 False False nb 5 [0.9, 0.66, 0.75] 500 10000 1000 600
0.006
0.984
0.006
0.001
0.001
0.005
0.0
0.995
0.0
0.0
0.999
0.0
0.001
0.0
0.0
0.267
0.728
0.005
0.0
0.0
1.0
0.0
0.0
0.0
0.0
1.0
0.0
0.0
0.0
0.0
0.016
0.979
0.001
0.001
0.001
0.005
0.0
0.995
0.0
0.0
0.031
0.0
0.0
0.969
0.0
0.015
0.0
0.0
0.985
0.0
0.991
0.0
0.0
0.009
0.0
0.991
0.0
0.0
0.009
0.0
0.016
0.979
0.001
0.001
0.001
0.005
0.0
0.995
0.0
0.0
0.023
0.0
0.0
0.977
0.0
0.078
0.0
0.0
0.187
0.735
0.136
0.43
0.0
0.434
0.0
0.137
0.338
0.0
0.525
0.0
HT 200 info_gain 0.05 False False nb 5 [0.9, 0.66, 0.75] 500 10000 1000 2000
0.006
0.984
0.006
0.001
0.001
0.005
0.0
0.995
0.0
0.0
0.999
0.0
0.001
0.0
0.0
0.267
0.728
0.005
0.0
0.0
1.0
0.0
0.0
0.0
0.0
1.0
0.0
0.0
0.0
0.0
0.016
0.979
0.001
0.001
0.001
0.007
0.0
0.993
0.0
0.0
0.01
0.0
0.0
0.99
0.0
0.018
0.0
0.0
0.982
0.0
0.09
0.0
0.0
0.91
0.0
0.089
0.0
0.0
0.911
0.0
0.097
0.888
0.001
0.011
0.001
0.005
0.0
0.995
0.0
0.0
0.024
0.0
0.0
0.976
0.0
0.13
0.0
0.0
0.126
0.744
0.952
0.0
0.0
0.048
0.0
0.929
0.0
0.0
0.071
0.0
HT 200 info_gain 0.05 False False nb 5 [0.9, 0.66, 0.75] 500 10000 1000 5000
0.006
0.984
0.006
0.001
0.001
0.005
0.0
0.995
0.0
0.0
0.999
0.0
0.001
0.0
0.0
0.267
0.728
0.005
0.0
0.0
1.0
0.0
0.0
0.0
0.0
1.0
0.0
0.0
0.0
0.0
0.001
0.953
0.001
0.042
0.001
0.0
0.0
0.99
0.01
0.0
0.006
0.0
0.0
0.994
0.0
0.024
0.0
0.0
0.976
0.0
0.064
0.0
0.0
0.936
0.0
0.062
0.0
0.0
0.938
0.0
0.011
0.957
0.001
0.028
0.001
0.01
0.0
0.99
0.0
0.0
0.026
0.096
0.0
0.878
0.0
0.005
0.0
0.0
0.017
0.978
0.01
0.462
0.0
0.528
0.0
0.009
0.455
0.0
0.536
0.0
HT 200 info_gain 0.05 False False nb 5 [0.9, 0.66, 0.75] 1000 10000 1000 1000
0.006
0.984
0.006
0.001
0.001
0.005
0.0
0.995
0.0
0.0
0.999
0.0
0.001
0.0
0.0
0.267
0.728
0.005
0.0
0.0
1.0
0.0
0.0
0.0
0.0
1.0
0.0
0.0
0.0
0.0
0.006
0.984
0.006
0.001
0.001
0.004
0.0
0.996
0.0
0.0
0.008
0.0
0.001
0.991
0.0
0.011
0.002
0.005
0.982
0.0
0.982
0.0
0.0
0.018
0.0
0.98
0.0
0.0
0.02
0.0
0.006
0.984
0.006
0.001
0.001
0.0
0.0
1.0
0.0
0.0
0.01
0.0
0.001
0.989
0.0
0.096
0.0
0.005
0.13
0.769
0.066
0.535
0.0
0.399
0.0
0.069
0.452
0.0
0.479
0.0
HT 200 info_gain 0.05 False False nb 5 [0.9, 0.66, 0.75] 1000 10000 1000 600
0.006
0.984
0.006
0.001
0.001
0.005
0.0
0.995
0.0
0.0
0.999
0.0
0.001
0.0
0.0
0.267
0.728
0.005
0.0
0.0
1.0
0.0
0.0
0.0
0.0
1.0
0.0
0.0
0.0
0.0
0.006
0.984
0.006
0.001
0.001
0.011
0.0
0.989
0.0
0.0
0.038
0.0
0.001
0.961
0.0
0.01
0.001
0.005
0.984
0.0
0.99
0.0
0.0
0.01
0.0
0.99
0.0
0.0
0.01
0.0
0.006
0.984
0.006
0.001
0.001
0.0
0.0
1.0
0.0
0.0
0.034
0.001
0.001
0.964
0.0
0.052
0.0
0.005
0.144
0.799
0.415
0.575
0.0
0.01
0.0
0.476
0.514
0.0
0.01
0.0
HT 200 info_gain 0.05 False False nb 5 [0.9, 0.66, 0.75] 1000 10000 1000 2000
0.006
0.984
0.006
0.001
0.001
0.005
0.0
0.995
0.0
0.0
0.999
0.0
0.001
0.0
0.0
0.267
0.728
0.005
0.0
0.0
1.0
0.0
0.0
0.0
0.0
1.0
0.0
0.0
0.0
0.0
0.006
0.984
0.006
0.001
0.001
0.002
0.0
0.998
0.0
0.0
0.008
0.0
0.001
0.991
0.0
0.012
0.013
0.005
0.97
0.0
0.092
0.0
0.0
0.908
0.0
0.088
0.0
0.0
0.912
0.0
0.006
0.984
0.006
0.001
0.001
0.0
0.0
1.0
0.0
0.0
0.007
0.0
0.001
0.992
0.0
0.049
0.0
0.005
0.009
0.937
0.061
0.0
0.0
0.939
0.0
0.058
0.0
0.0
0.942
0.0
HT 200 info_gain 0.05 False False nb 5 [0.9, 0.66, 0.75] 1000 10000 1000 5000
0.006
0.984
0.006
0.001
0.001
0.005
0.0
0.995
0.0
0.0
0.999
0.0
0.001
0.0
0.0
0.267
0.728
0.005
0.0
0.0
1.0
0.0
0.0
0.0
0.0
1.0
0.0
0.0
0.0
0.0
0.014
0.961
0.006
0.016
0.001
0.005
0.0
0.995
0.0
0.0
0.013
0.0
0.001
0.986
0.0
0.018
0.0
0.005
0.977
0.0
0.056
0.0
0.0
0.944
0.0
0.055
0.0
0.0
0.945
0.0
0.001
0.957
0.006
0.033
0.001
0.005
0.0
0.995
0.0
0.0
0.006
0.0
0.001
0.993
0.0
0.0
0.0
0.005
0.039
0.956
0.009
0.0
0.0
0.991
0.0
0.01
0.0
0.0
0.99
0.0
HT 200 info_gain 0.05 False False nb 5 [0.9, 0.66, 0.75] 2000 10000 1000 1000
0.006
0.984
0.006
0.001
0.001
0.005
0.0
0.995
0.0
0.0
0.999
0.0
0.001
0.0
0.0
0.267
0.728
0.005
0.0
0.0
1.0
0.0
0.0
0.0
0.0
1.0
0.0
0.0
0.0
0.0
0.006
0.984
0.006
0.001
0.001
0.005
0.0
0.995
0.0
0.0
0.011
0.0
0.001
0.988
0.0
0.01
0.011
0.005
0.974
0.0
0.982
0.0
0.0
0.018
0.0
0.98
0.0
0.0
0.02
0.0
0.006
0.984
0.006
0.001
0.001
0.0
0.0
1.0
0.0
0.0
0.014
0.0
0.001
0.985
0.0
0.099
0.0
0.005
0.153
0.743
0.985
0.0
0.0
0.015
0.0
0.984
0.0
0.0
0.016
0.0
HT 200 info_gain 0.05 False False nb 5 [0.9, 0.66, 0.75] 2000 10000 1000 600
0.006
0.984
0.006
0.001
0.001
0.005
0.0
0.995
0.0
0.0
0.999
0.0
0.001
0.0
0.0
0.267
0.728
0.005
0.0
0.0
1.0
0.0
0.0
0.0
0.0
1.0
0.0
0.0
0.0
0.0
0.006
0.984
0.006
0.001
0.001
0.005
0.0
0.995
0.0
0.0
0.018
0.001
0.001
0.98
0.0
0.011
0.008
0.005
0.976
0.0
0.98
0.0
0.0
0.02
0.0
0.98
0.0
0.0
0.02
0.0
0.006
0.984
0.006
0.001
0.001
0.0
0.0
1.0
0.0
0.0
0.031
0.0
0.001
0.968
0.0
0.049
0.0
0.005
0.141
0.805
0.55
0.0
0.0
0.45
0.0
0.64
0.0
0.0
0.36
0.0
HT 200 info_gain 0.05 False False nb 5 [0.9, 0.66, 0.75] 2000 10000 1000 2000
0.006
0.984
0.006
0.001
0.001
0.005
0.0
0.995
0.0
0.0
0.999
0.0
0.001
0.0
0.0
0.267
0.728
0.005
0.0
0.0
1.0
0.0
0.0
0.0
0.0
1.0
0.0
0.0
0.0
0.0
0.006
0.968
0.006
0.017
0.001
0.002
0.0
0.998
0.0
0.0
0.008
0.0
0.001
0.991
0.0
0.013
0.038
0.005
0.944
0.0
0.063
0.0
0.0
0.937
0.0
0.066
0.0
0.0
0.934
0.0
0.001
0.989
0.006
0.001
0.001
0.0
0.0
1.0
0.0
0.0
0.009
0.0
0.001
0.99
0.0
0.005
0.0
0.005
0.0
0.99
0.939
0.0
0.0
0.061
0.0
0.926
0.0
0.0
0.074
0.0
HT 200 info_gain 0.05 False False nb 5 [0.9, 0.66, 0.75] 2000 10000 1000 5000
0.006
0.984
0.006
0.001
0.001
0.005
0.0
0.995
0.0
0.0
0.999
0.0
0.001
0.0
0.0
0.267
0.728
0.005
0.0
0.0
1.0
0.0
0.0
0.0
0.0
1.0
0.0
0.0
0.0
0.0
0.015
0.962
0.006
0.014
0.001
0.003
0.0
0.997
0.0
0.0
0.008
0.0
0.001
0.991
0.0
0.011
0.062
0.005
0.922
0.0
0.071
0.0
0.0
0.929
0.0
0.07
0.0
0.0
0.93
0.0
0.001
0.962
0.006
0.028
0.001
0.0
0.0
1.0
0.0
0.0
0.006
0.0
0.001
0.993
0.0
0.001
0.0
0.005
0.041
0.953
0.009
0.0
0.0
0.991
0.0
0.008
0.0
0.0
0.992
0.0
HT 200 info_gain 0.05 False False nb 5 [0.9, 0.66, 0.75] 5000 10000 1000 1000
0.006
0.984
0.006
0.001
0.001
0.005
0.0
0.995
0.0
0.0
0.999
0.0
0.001
0.0
0.0
0.267
0.728
0.005
0.0
0.0
1.0
0.0
0.0
0.0
0.0
1.0
0.0
0.0
0.0
0.0
0.006
0.984
0.006
0.001
0.001
0.0
0.0
1.0
0.0
0.0
0.011
0.0
0.001
0.988
0.0
0.01
0.014
0.005
0.971
0.0
0.982
0.0
0.0
0.018
0.0
0.981
0.0
0.0
0.019
0.0
0.006
0.984
0.006
0.001
0.001
0.0
0.0
1.0
0.0
0.0
0.029
0.0
0.001
0.97
0.0
0.096
0.0
0.005
0.203
0.696
0.987
0.0
0.0
0.013
0.0
0.985
0.0
0.0
0.015
0.0
HT 200 info_gain 0.05 False False nb 5 [0.9, 0.66, 0.75] 5000 10000 1000 600
0.006
0.984
0.006
0.001
0.001
0.005
0.0
0.995
0.0
0.0
0.999
0.0
0.001
0.0
0.0
0.267
0.728
0.005
0.0
0.0
1.0
0.0
0.0
0.0
0.0
1.0
0.0
0.0
0.0
0.0
0.002
0.988
0.006
0.001
0.001
0.005
0.0
0.995
0.0
0.0
0.057
0.001
0.001
0.941
0.0
0.012
0.015
0.005
0.968
0.0
0.976
0.0
0.0
0.024
0.0
0.976
0.0
0.0
0.024
0.0
0.001
0.989
0.006
0.001
0.001
0.005
0.0
0.995
0.0
0.0
0.03
0.0
0.001
0.969
0.0
0.044
0.0
0.005
0.151
0.8
0.456
0.536
0.0
0.008
0.0
0.533
0.459
0.0
0.008
0.0
HT 200 info_gain 0.05 False False nb 5 [0.9, 0.66, 0.75] 5000 10000 1000 2000
0.006
0.984
0.006
0.001
0.001
0.005
0.0
0.995
0.0
0.0
0.999
0.0
0.001
0.0
0.0
0.267
0.728
0.005
0.0
0.0
1.0
0.0
0.0
0.0
0.0
1.0
0.0
0.0
0.0
0.0
0.001
0.989
0.006
0.001
0.001
0.005
0.0
0.995
0.0
0.0
0.008
0.0
0.001
0.991
0.0
0.012
0.039
0.005
0.944
0.0
0.133
0.0
0.0
0.867
0.0
0.19
0.0
0.0
0.81
0.0
0.009
0.974
0.006
0.008
0.001
0.0
0.0
1.0
0.0
0.0
0.01
0.0
0.001
0.989
0.0
0.042
0.0
0.005
0.011
0.942
0.026
0.0
0.0
0.974
0.0
0.029
0.0
0.0
0.971
0.0
HT 200 info_gain 0.05 False False nb 5 [0.9, 0.66, 0.75] 5000 10000 1000 5000
0.006
0.984
0.006
0.001
0.001
0.005
0.0
0.995
0.0
0.0
0.999
0.0
0.001
0.0
0.0
0.267
0.728
0.005
0.0
0.0
1.0
0.0
0.0
0.0
0.0
1.0
0.0
0.0
0.0
0.0
0.007
0.967
0.006
0.017
0.001
0.0
0.0
1.0
0.0
0.0
0.01
0.0
0.001
0.989
0.0
0.008
0.081
0.005
0.906
0.0
0.062
0.0
0.0
0.938
0.0
0.063
0.0
0.0
0.937
0.0
0.001
0.96
0.006
0.03
0.001
0.0
0.0
1.0
0.0
0.0
0.007
0.0
0.001
0.992
0.0
0.005
0.0
0.005
0.026
0.964
0.01
0.0
0.001
0.989
0.0
0.009
0.0
0.001
0.99
0.0
HT 200 info_gain 0.05 False False nb 5 [1, 1, 1] 500 10000 1000 1000
0.006
0.984
0.006
0.001
0.001
0.005
0.0
0.995
0.0
0.0
0.999
0.0
0.001
0.0
0.0
0.267
0.728
0.005
0.0
0.0
1.0
0.0
0.0
0.0
0.0
1.0
0.0
0.0
0.0
0.0
0.016
0.979
0.001
0.001
0.001
0.009
0.0
0.986
0.005
0.0
0.009
0.0
0.0
0.991
0.0
0.015
0.0
0.0
0.985
0.0
0.089
0.0
0.0
0.911
0.0
0.085
0.0
0.0
0.915
0.0
0.016
0.979
0.001
0.001
0.001
0.005
0.0
0.995
0.0
0.0
0.015
0.0
0.0
0.985
0.0
0.837
0.0
0.0
0.0
0.163
0.976
0.0
0.0
0.024
0.0
0.972
0.0
0.0
0.028
0.0
HT 200 info_gain 0.05 False False nb 5 [1, 1, 1] 500 10000 1000 600
0.006
0.984
0.006
0.001
0.001
0.005
0.0
0.995
0.0
0.0
0.999
0.0
0.001
0.0
0.0
0.267
0.728
0.005
0.0
0.0
1.0
0.0
0.0
0.0
0.0
1.0
0.0
0.0
0.0
0.0
0.021
0.974
0.001
0.001
0.001
0.015
0.0
0.985
0.0
0.0
0.018
0.0
0.0
0.982
0.0
0.015
0.0
0.0
0.985
0.0
0.985
0.0
0.0
0.015
0.0
0.985
0.0
0.0
0.015
0.0
0.016
0.979
0.001
0.001
0.001
0.01
0.0
0.99
0.0
0.0
0.032
0.0
0.0
0.968
0.0
0.822
0.0
0.0
0.0
0.178
0.447
0.543
0.0
0.01
0.0
0.516
0.474
0.0
0.01
0.0
HT 200 info_gain 0.05 False False nb 5 [1, 1, 1] 500 10000 1000 2000
0.006
0.984
0.006
0.001
0.001
0.005
0.0
0.995
0.0
0.0
0.999
0.0
0.001
0.0
0.0
0.267
0.728
0.005
0.0
0.0
1.0
0.0
0.0
0.0
0.0
1.0
0.0
0.0
0.0
0.0
0.016
0.979
0.001
0.001
0.001
0.007
0.0
0.993
0.0
0.0
0.01
0.0
0.0
0.99
0.0
0.018
0.0
0.0
0.982
0.0
0.091
0.0
0.0
0.909
0.0
0.087
0.0
0.0
0.913
0.0
0.063
0.838
0.001
0.095
0.001
0.005
0.0
0.995
0.0
0.0
0.017
0.0
0.0
0.983
0.0
0.811
0.0
0.0
0.0
0.189
0.073
0.0
0.0
0.927
0.0
0.072
0.0
0.0
0.928
0.0
HT 200 info_gain 0.05 False False nb 5 [1, 1, 1] 500 10000 1000 5000
0.006
0.984
0.006
0.001
0.001
0.005
0.0
0.995
0.0
0.0
0.999
0.0
0.001
0.0
0.0
0.267
0.728
0.005
0.0
0.0
1.0
0.0
0.0
0.0
0.0
1.0
0.0
0.0
0.0
0.0
0.018
0.947
0.001
0.031
0.001
0.005
0.0
0.985
0.01
0.0
0.006
0.0
0.0
0.994
0.0
0.024
0.0
0.0
0.976
0.0
0.063
0.0
0.0
0.937
0.0
0.062
0.0
0.0
0.938
0.0
0.046
0.934
0.001
0.016
0.001
0.01
0.0
0.99
0.0
0.0
0.343
0.005
0.0
0.652
0.0
0.172
0.0
0.0
0.01
0.818
0.082
0.412
0.0
0.506
0.0
0.116
0.38
0.0
0.504
0.0
HT 200 info_gain 0.05 False False nb 5 [1, 1, 1] 1000 10000 1000 1000
0.006
0.984
0.006
0.001
0.001
0.005
0.0
0.995
0.0
0.0
0.999
0.0
0.001
0.0
0.0
0.267
0.728
0.005
0.0
0.0
1.0
0.0
0.0
0.0
0.0
1.0
0.0
0.0
0.0
0.0
0.045
0.945
0.006
0.001
0.001
0.003
0.0
0.997
0.0
0.0
0.016
0.0
0.001
0.983
0.0
0.021
0.0
0.005
0.974
0.0
0.966
0.0
0.0
0.034
0.0
0.923
0.0
0.0
0.077
0.0
0.008
0.982
0.006
0.001
0.001
0.0
0.0
1.0
0.0
0.0
0.006
0.003
0.001
0.99
0.0
0.831
0.0
0.005
0.0
0.164
0.188
0.157
0.0
0.655
0.0
0.149
0.177
0.0
0.674
0.0
HT 200 info_gain 0.05 False False nb 5 [1, 1, 1] 1000 10000 1000 600
0.006
0.984
0.006
0.001
0.001
0.005
0.0
0.995
0.0
0.0
0.999
0.0
0.001
0.0
0.0
0.267
0.728
0.005
0.0
0.0
1.0
0.0
0.0
0.0
0.0
1.0
0.0
0.0
0.0
0.0
0.006
0.984
0.006
0.001
0.001
0.005
0.0
0.995
0.0
0.0
0.023
0.0
0.001
0.976
0.0
0.024
0.0
0.005
0.971
0.0
0.986
0.0
0.0
0.014
0.0
0.986
0.0
0.0
0.014
0.0
0.006
0.984
0.006
0.001
0.001
0.005
0.0
0.995
0.0
0.0
0.022
0.0
0.001
0.977
0.0
0.814
0.0
0.005
0.0
0.181
0.153
0.5
0.0
0.347
0.0
0.156
0.414
0.0
0.43
0.0
HT 200 info_gain 0.05 False False nb 5 [1, 1, 1] 1000 10000 1000 2000
0.006
0.984
0.006
0.001
0.001
0.005
0.0
0.995
0.0
0.0
0.999
0.0
0.001
0.0
0.0
0.267
0.728
0.005
0.0
0.0
1.0
0.0
0.0
0.0
0.0
1.0
0.0
0.0
0.0
0.0
0.006
0.984
0.006
0.001
0.001
0.002
0.0
0.998
0.0
0.0
0.008
0.0
0.001
0.991
0.0
0.032
0.008
0.005
0.955
0.0
0.091
0.0
0.0
0.909
0.0
0.087
0.0
0.0
0.913
0.0
0.006
0.984
0.006
0.001
0.001
0.0
0.0
1.0
0.0
0.0
0.008
0.0
0.001
0.991
0.0
0.799
0.0
0.005
0.0
0.196
0.047
0.0
0.0
0.953
0.0
0.042
0.0
0.0
0.958
0.0
HT 200 info_gain 0.05 False False nb 5 [1, 1, 1] 1000 10000 1000 5000
0.006
0.984
0.006
0.001
0.001
0.005
0.0
0.995
0.0
0.0
0.999
0.0
0.001
0.0
0.0
0.267
0.728
0.005
0.0
0.0
1.0
0.0
0.0
0.0
0.0
1.0
0.0
0.0
0.0
0.0
0.011
0.979
0.006
0.001
0.001
0.005
0.0
0.995
0.0
0.0
0.007
0.0
0.001
0.992
0.0
0.018
0.0
0.005
0.977
0.0
0.069
0.0
0.0
0.931
0.0
0.074
0.0
0.0
0.926
0.0
0.03
0.942
0.006
0.019
0.001
0.005
0.0
0.995
0.0
0.0
0.009
0.0
0.001
0.99
0.0
0.046
0.0
0.005
0.023
0.926
0.012
0.0
0.0
0.988
0.0
0.012
0.0
0.0
0.988
0.0
HT 200 info_gain 0.05 False False nb 5 [1, 1, 1] 2000 10000 1000 1000
0.006
0.984
0.006
0.001
0.001
0.005
0.0
0.995
0.0
0.0
0.999
0.0
0.001
0.0
0.0
0.267
0.728
0.005
0.0
0.0
1.0
0.0
0.0
0.0
0.0
1.0
0.0
0.0
0.0
0.0
0.008
0.969
0.006
0.014
0.001
0.005
0.0
0.995
0.0
0.0
0.005
0.0
0.001
0.994
0.0
0.036
0.002
0.005
0.957
0.0
0.059
0.0
0.0
0.941
0.0
0.06
0.0
0.0
0.94
0.0
0.006
0.984
0.006
0.001
0.001
0.005
0.0
0.995
0.0
0.0
0.017
0.0
0.001
0.982
0.0
0.832
0.0
0.005
0.0
0.163
0.984
0.0
0.0
0.016
0.0
0.983
0.0
0.0
0.017
0.0
HT 200 info_gain 0.05 False False nb 5 [1, 1, 1] 2000 10000 1000 600
0.006
0.984
0.006
0.001
0.001
0.005
0.0
0.995
0.0
0.0
0.999
0.0
0.001
0.0
0.0
0.267
0.728
0.005
0.0
0.0
1.0
0.0
0.0
0.0
0.0
1.0
0.0
0.0
0.0
0.0
0.006
0.984
0.006
0.001
0.001
0.005
0.0
0.995
0.0
0.0
0.025
0.001
0.001
0.973
0.0
0.04
0.0
0.005
0.955
0.0
0.987
0.0
0.0
0.013
0.0
0.987
0.0
0.0
0.013
0.0
0.006
0.984
0.006
0.001
0.001
0.0
0.0
1.0
0.0
0.0
0.024
0.0
0.001
0.975
0.0
0.812
0.0
0.005
0.0
0.183
0.996
0.0
0.0
0.004
0.0
0.996
0.0
0.0
0.004
0.0
HT 200 info_gain 0.05 False False nb 5 [1, 1, 1] 2000 10000 1000 2000
0.006
0.984
0.006
0.001
0.001
0.005
0.0
0.995
0.0
0.0
0.999
0.0
0.001
0.0
0.0
0.267
0.728
0.005
0.0
0.0
1.0
0.0
0.0
0.0
0.0
1.0
0.0
0.0
0.0
0.0
0.006
0.984
0.006
0.001
0.001
0.002
0.0
0.998
0.0
0.0
0.008
0.0
0.001
0.991
0.0
0.057
0.017
0.005
0.921
0.0
0.093
0.0
0.0
0.907
0.0
0.09
0.0
0.0
0.91
0.0
0.006
0.984
0.006
0.001
0.001
0.0
0.0
1.0
0.0
0.0
0.008
0.0
0.001
0.991
0.0
0.788
0.0
0.005
0.0
0.207
0.016
0.0
0.0
0.984
0.0
0.013
0.0
0.0
0.987
0.0
HT 200 info_gain 0.05 False False nb 5 [1, 1, 1] 2000 10000 1000 5000
0.006
0.984
0.006
0.001
0.001
0.005
0.0
0.995
0.0
0.0
0.999
0.0
0.001
0.0
0.0
0.267
0.728
0.005
0.0
0.0
1.0
0.0
0.0
0.0
0.0
1.0
0.0
0.0
0.0
0.0
0.011
0.979
0.006
0.001
0.001
0.003
0.0
0.997
0.0
0.0
0.008
0.0
0.001
0.991
0.0
0.052
0.042
0.005
0.901
0.0
0.089
0.0
0.0
0.911
0.0
0.104
0.0
0.0
0.896
0.0
0.035
0.936
0.006
0.02
0.001
0.0
0.0
1.0
0.0
0.0
0.006
0.0
0.001
0.993
0.0
0.045
0.0
0.005
0.029
0.921
0.01
0.0
0.0
0.99
0.0
0.01
0.0
0.0
0.99
0.0
HT 200 info_gain 0.05 False False nb 5 [1, 1, 1] 5000 10000 1000 1000
0.006
0.984
0.006
0.001
0.001
0.005
0.0
0.995
0.0
0.0
0.999
0.0
0.001
0.0
0.0
0.267
0.728
0.005
0.0
0.0
1.0
0.0
0.0
0.0
0.0
1.0
0.0
0.0
0.0
0.0
0.006
0.984
0.006
0.001
0.001
0.0
0.0
1.0
0.0
0.0
0.01
0.0
0.001
0.989
0.0
0.047
0.004
0.005
0.944
0.0
0.981
0.0
0.0
0.019
0.0
0.98
0.0
0.0
0.02
0.0
0.006
0.984
0.006
0.001
0.001
0.0
0.0
1.0
0.0
0.0
0.022
0.0
0.001
0.977
0.0
0.82
0.0
0.005
0.0
0.175
0.325
0.0
0.0
0.675
0.0
0.385
0.0
0.0
0.615
0.0
HT 200 info_gain 0.05 False False nb 5 [1, 1, 1] 5000 10000 1000 600
0.006
0.984
0.006
0.001
0.001
0.005
0.0
0.995
0.0
0.0
0.999
0.0
0.001
0.0
0.0
0.267
0.728
0.005
0.0
0.0
1.0
0.0
0.0
0.0
0.0
1.0
0.0
0.0
0.0
0.0
0.002
0.988
0.006
0.001
0.001
0.0
0.0
1.0
0.0
0.0
0.061
0.001
0.001
0.937
0.0
0.052
0.003
0.005
0.94
0.0
0.976
0.0
0.0
0.024
0.0
0.976
0.0
0.0
0.024
0.0
0.001
0.989
0.006
0.001
0.001
0.0
0.0
1.0
0.0
0.0
0.029
0.0
0.001
0.97
0.0
0.791
0.0
0.005
0.0
0.204
0.473
0.519
0.0
0.008
0.0
0.562
0.43
0.0
0.008
0.0
HT 200 info_gain 0.05 False False nb 5 [1, 1, 1] 5000 10000 1000 2000
0.006
0.984
0.006
0.001
0.001
0.005
0.0
0.995
0.0
0.0
0.999
0.0
0.001
0.0
0.0
0.267
0.728
0.005
0.0
0.0
1.0
0.0
0.0
0.0
0.0
1.0
0.0
0.0
0.0
0.0
0.011
0.979
0.006
0.001
0.001
0.0
0.0
1.0
0.0
0.0
0.017
0.0
0.001
0.982
0.0
0.058
0.016
0.005
0.921
0.0
0.132
0.0
0.0
0.868
0.0
0.124
0.0
0.0
0.876
0.0
0.033
0.957
0.006
0.001
0.001
0.0
0.0
1.0
0.0
0.0
0.009
0.0
0.001
0.99
0.0
0.802
0.0
0.005
0.0
0.193
0.039
0.0
0.0
0.961
0.0
0.037
0.0
0.0
0.963
0.0
HT 200 info_gain 0.05 False False nb 5 [1, 1, 1] 5000 10000 1000 5000
0.006
0.984
0.006
0.001
0.001
0.005
0.0
0.995
0.0
0.0
0.999
0.0
0.001
0.0
0.0
0.267
0.728
0.005
0.0
0.0
1.0
0.0
0.0
0.0
0.0
1.0
0.0
0.0
0.0
0.0
0.054
0.927
0.006
0.01
0.001
0.0
0.0
1.0
0.0
0.0
0.008
0.0
0.001
0.991
0.0
0.059
0.058
0.005
0.878
0.0
0.08
0.0
0.0
0.92
0.0
0.081
0.0
0.0
0.919
0.0
0.027
0.946
0.006
0.018
0.001
0.0
0.0
1.0
0.0
0.0
0.007
0.0
0.001
0.992
0.0
0.038
0.0
0.005
0.017
0.94
0.008
0.0
0.0
0.992
0.0
0.007
0.0
0.0
0.993
0.0
HT 200 info_gain 0.05 False False nb 5 [0.9, 0.9, 0.9] 500 10000 1000 1000
0.006
0.984
0.006
0.001
0.001
0.005
0.0
0.995
0.0
0.0
0.999
0.0
0.001
0.0
0.0
0.267
0.728
0.005
0.0
0.0
1.0
0.0
0.0
0.0
0.0
1.0
0.0
0.0
0.0
0.0
0.016
0.979
0.001
0.001
0.001
0.008
0.0
0.992
0.0
0.0
0.01
0.0
0.0
0.99
0.0
0.015
0.0
0.0
0.985
0.0
0.988
0.0
0.0
0.012
0.0
0.986
0.0
0.0
0.014
0.0
0.016
0.979
0.001
0.001
0.001
0.005
0.0
0.995
0.0
0.0
0.01
0.0
0.0
0.99
0.0
0.209
0.0
0.0
0.266
0.525
0.07
0.503
0.0
0.427
0.0
0.072
0.416
0.0
0.512
0.0
HT 200 info_gain 0.05 False False nb 5 [0.9, 0.9, 0.9] 500 10000 1000 600
0.006
0.984
0.006
0.001
0.001
0.005
0.0
0.995
0.0
0.0
0.999
0.0
0.001
0.0
0.0
0.267
0.728
0.005
0.0
0.0
1.0
0.0
0.0
0.0
0.0
1.0
0.0
0.0
0.0
0.0
0.022
0.973
0.001
0.001
0.001
0.01
0.0
0.99
0.0
0.0
0.03
0.0
0.0
0.97
0.0
0.015
0.0
0.0
0.985
0.0
0.991
0.0
0.0
0.009
0.0
0.991
0.0
0.0
0.009
0.0
0.017
0.978
0.001
0.001
0.001
0.01
0.0
0.99
0.0
0.0
0.026
0.0
0.0
0.974
0.0
0.136
0.0
0.0
0.174
0.69
0.455
0.541
0.0
0.004
0.0
0.526
0.47
0.0
0.004
0.0
HT 200 info_gain 0.05 False False nb 5 [0.9, 0.9, 0.9] 500 10000 1000 2000
0.006
0.984
0.006
0.001
0.001
0.005
0.0
0.995
0.0
0.0
0.999
0.0
0.001
0.0
0.0
0.267
0.728
0.005
0.0
0.0
1.0
0.0
0.0
0.0
0.0
1.0
0.0
0.0
0.0
0.0
0.021
0.974
0.001
0.001
0.001
0.006
0.0
0.991
0.003
0.0
0.009
0.0
0.0
0.991
0.0
0.018
0.0
0.0
0.982
0.0
0.089
0.0
0.0
0.911
0.0
0.088
0.0
0.0
0.912
0.0
0.011
0.984
0.001
0.001
0.001
0.005
0.0
0.995
0.0
0.0
0.009
0.0
0.0
0.991
0.0
0.217
0.0
0.0
0.086
0.697
0.921
0.0
0.0
0.079
0.0
0.891
0.0
0.0
0.109
0.0
HT 200 info_gain 0.05 False False nb 5 [0.9, 0.9, 0.9] 500 10000 1000 5000
0.006
0.984
0.006
0.001
0.001
0.005
0.0
0.995
0.0
0.0
0.999
0.0
0.001
0.0
0.0
0.267
0.728
0.005
0.0
0.0
1.0
0.0
0.0
0.0
0.0
1.0
0.0
0.0
0.0
0.0
0.001
0.953
0.001
0.042
0.001
0.0
0.0
0.99
0.01
0.0
0.006
0.0
0.0
0.994
0.0
0.024
0.0
0.0
0.976
0.0
0.064
0.0
0.0
0.936
0.0
0.062
0.0
0.0
0.938
0.0
0.016
0.957
0.001
0.023
0.001
0.01
0.0
0.99
0.0
0.0
0.041
0.084
0.0
0.875
0.0
0.006
0.0
0.0
0.017
0.977
0.01
0.455
0.0
0.535
0.0
0.013
0.439
0.0
0.548
0.0
HT 200 info_gain 0.05 False False nb 5 [0.9, 0.9, 0.9] 1000 10000 1000 1000
0.006
0.984
0.006
0.001
0.001
0.005
0.0
0.995
0.0
0.0
0.999
0.0
0.001
0.0
0.0
0.267
0.728
0.005
0.0
0.0
1.0
0.0
0.0
0.0
0.0
1.0
0.0
0.0
0.0
0.0
0.006
0.984
0.006
0.001
0.001
0.003
0.0
0.997
0.0
0.0
0.017
0.0
0.001
0.982
0.0
0.011
0.002
0.005
0.982
0.0
0.964
0.0
0.0
0.036
0.0
0.919
0.0
0.0
0.081
0.0
0.006
0.984
0.006
0.001
0.001
0.0
0.0
1.0
0.0
0.0
0.009
0.0
0.001
0.99
0.0
0.19
0.0
0.005
0.099
0.706
0.068
0.538
0.0
0.394
0.0
0.071
0.451
0.0
0.478
0.0
HT 200 info_gain 0.05 False False nb 5 [0.9, 0.9, 0.9] 1000 10000 1000 600
0.006
0.984
0.006
0.001
0.001
0.005
0.0
0.995
0.0
0.0
0.999
0.0
0.001
0.0
0.0
0.267
0.728
0.005
0.0
0.0
1.0
0.0
0.0
0.0
0.0
1.0
0.0
0.0
0.0
0.0
0.006
0.984
0.006
0.001
0.001
0.007
0.0
0.993
0.0
0.0
0.02
0.0
0.001
0.979
0.0
0.012
0.001
0.005
0.982
0.0
0.984
0.0
0.0
0.016
0.0
0.984
0.0
0.0
0.016
0.0
0.006
0.984
0.006
0.001
0.001
0.0
0.0
1.0
0.0
0.0
0.023
0.0
0.001
0.976
0.0
0.118
0.0
0.005
0.119
0.758
0.127
0.482
0.0
0.391
0.0
0.126
0.39
0.0
0.484
0.0
HT 200 info_gain 0.05 False False nb 5 [0.9, 0.9, 0.9] 1000 10000 1000 2000
0.006
0.984
0.006
0.001
0.001
0.005
0.0
0.995
0.0
0.0
0.999
0.0
0.001
0.0
0.0
0.267
0.728
0.005
0.0
0.0
1.0
0.0
0.0
0.0
0.0
1.0
0.0
0.0
0.0
0.0
0.006
0.984
0.006
0.001
0.001
0.002
0.0
0.998
0.0
0.0
0.008
0.0
0.001
0.991
0.0
0.015
0.012
0.005
0.968
0.0
0.093
0.0
0.0
0.907
0.0
0.089
0.0
0.0
0.911
0.0
0.002
0.988
0.006
0.001
0.001
0.0
0.0
1.0
0.0
0.0
0.008
0.0
0.001
0.991
0.0
0.081
0.0
0.005
0.0
0.914
0.04
0.0
0.0
0.96
0.0
0.036
0.0
0.0
0.964
0.0
HT 200 info_gain 0.05 False False nb 5 [0.9, 0.9, 0.9] 1000 10000 1000 5000
0.006
0.984
0.006
0.001
0.001
0.005
0.0
0.995
0.0
0.0
0.999
0.0
0.001
0.0
0.0
0.267
0.728
0.005
0.0
0.0
1.0
0.0
0.0
0.0
0.0
1.0
0.0
0.0
0.0
0.0
0.012
0.958
0.006
0.021
0.001
0.005
0.0
0.995
0.0
0.0
0.006
0.0
0.001
0.993
0.0
0.018
0.0
0.005
0.977
0.0
0.067
0.0
0.0
0.933
0.0
0.07
0.0
0.0
0.93
0.0
0.006
0.959
0.006
0.026
0.001
0.005
0.0
0.995
0.0
0.0
0.009
0.0
0.001
0.99
0.0
0.011
0.0
0.005
0.0
0.984
0.009
0.0
0.0
0.991
0.0
0.009
0.0
0.0
0.991
0.0
HT 200 info_gain 0.05 False False nb 5 [0.9, 0.9, 0.9] 2000 10000 1000 1000
0.006
0.984
0.006
0.001
0.001
0.005
0.0
0.995
0.0
0.0
0.999
0.0
0.001
0.0
0.0
0.267
0.728
0.005
0.0
0.0
1.0
0.0
0.0
0.0
0.0
1.0
0.0
0.0
0.0
0.0
0.006
0.969
0.006
0.016
0.001
0.01
0.0
0.99
0.0
0.0
0.009
0.0
0.001
0.99
0.0
0.011
0.01
0.005
0.974
0.0
0.063
0.0
0.0
0.937
0.0
0.064
0.0
0.0
0.936
0.0
0.006
0.984
0.006
0.001
0.001
0.005
0.0
0.995
0.0
0.0
0.014
0.0
0.001
0.985
0.0
0.188
0.0
0.005
0.121
0.686
0.986
0.0
0.0
0.014
0.0
0.985
0.0
0.0
0.015
0.0
HT 200 info_gain 0.05 False False nb 5 [0.9, 0.9, 0.9] 2000 10000 1000 600
0.006
0.984
0.006
0.001
0.001
0.005
0.0
0.995
0.0
0.0
0.999
0.0
0.001
0.0
0.0
0.267
0.728
0.005
0.0
0.0
1.0
0.0
0.0
0.0
0.0
1.0
0.0
0.0
0.0
0.0
0.006
0.984
0.006
0.001
0.001
0.0
0.0
1.0
0.0
0.0
0.025
0.001
0.001
0.973
0.0
0.011
0.008
0.005
0.976
0.0
0.987
0.0
0.0
0.013
0.0
0.987
0.0
0.0
0.013
0.0
0.011
0.979
0.006
0.001
0.001
0.0
0.0
1.0
0.0
0.0
0.033
0.0
0.001
0.966
0.0
0.097
0.0
0.005
0.118
0.78
0.432
0.0
0.0
0.568
0.0
0.513
0.0
0.0
0.487
0.0
HT 200 info_gain 0.05 False False nb 5 [0.9, 0.9, 0.9] 2000 10000 1000 2000
0.006
0.984
0.006
0.001
0.001
0.005
0.0
0.995
0.0
0.0
0.999
0.0
0.001
0.0
0.0
0.267
0.728
0.005
0.0
0.0
1.0
0.0
0.0
0.0
0.0
1.0
0.0
0.0
0.0
0.0
0.006
0.984
0.006
0.001
0.001
0.002
0.0
0.998
0.0
0.0
0.008
0.0
0.001
0.991
0.0
0.017
0.035
0.005
0.943
0.0
0.093
0.0
0.0
0.907
0.0
0.09
0.0
0.0
0.91
0.0
0.001
0.989
0.006
0.001
0.001
0.0
0.0
1.0
0.0
0.0
0.005
0.0
0.001
0.994
0.0
0.005
0.0
0.005
0.0
0.99
0.013
0.0
0.0
0.987
0.0
0.008
0.0
0.0
0.992
0.0
HT 200 info_gain 0.05 False False nb 5 [0.9, 0.9, 0.9] 2000 10000 1000 5000
0.006
0.984
0.006
0.001
0.001
0.005
0.0
0.995
0.0
0.0
0.999
0.0
0.001
0.0
0.0
0.267
0.728
0.005
0.0
0.0
1.0
0.0
0.0
0.0
0.0
1.0
0.0
0.0
0.0
0.0
0.01
0.976
0.006
0.005
0.001
0.0
0.0
0.998
0.002
0.0
0.007
0.0
0.001
0.992
0.0
0.013
0.061
0.005
0.921
0.0
0.072
0.0
0.0
0.928
0.0
0.071
0.0
0.0
0.929
0.0
0.001
0.979
0.006
0.011
0.001
0.0
0.0
1.0
0.0
0.0
0.007
0.0
0.001
0.992
0.0
0.004
0.0
0.005
0.012
0.979
0.011
0.0
0.001
0.988
0.0
0.007
0.0
0.0
0.993
0.0
HT 200 info_gain 0.05 False False nb 5 [0.9, 0.9, 0.9] 5000 10000 1000 1000
0.006
0.984
0.006
0.001
0.001
0.005
0.0
0.995
0.0
0.0
0.999
0.0
0.001
0.0
0.0
0.267
0.728
0.005
0.0
0.0
1.0
0.0
0.0
0.0
0.0
1.0
0.0
0.0
0.0
0.0
0.001
0.989
0.006
0.001
0.001
0.005
0.0
0.995
0.0
0.0
0.012
0.0
0.001
0.987
0.0
0.01
0.014
0.005
0.971
0.0
0.981
0.0
0.0
0.019
0.0
0.98
0.0
0.0
0.02
0.0
0.002
0.988
0.006
0.001
0.001
0.005
0.0
0.995
0.0
0.0
0.01
0.0
0.001
0.989
0.0
0.166
0.0
0.005
0.169
0.66
0.987
0.0
0.0
0.013
0.0
0.986
0.0
0.0
0.014
0.0
HT 200 info_gain 0.05 False False nb 5 [0.9, 0.9, 0.9] 5000 10000 1000 600
0.006
0.984
0.006
0.001
0.001
0.005
0.0
0.995
0.0
0.0
0.999
0.0
0.001
0.0
0.0
0.267
0.728
0.005
0.0
0.0
1.0
0.0
0.0
0.0
0.0
1.0
0.0
0.0
0.0
0.0
0.001
0.989
0.006
0.001
0.001
0.005
0.0
0.995
0.0
0.0
0.04
0.001
0.001
0.958
0.0
0.013
0.014
0.005
0.968
0.0
0.976
0.0
0.0
0.024
0.0
0.976
0.0
0.0
0.024
0.0
0.001
0.989
0.006
0.001
0.001
0.005
0.0
0.995
0.0
0.0
0.028
0.0
0.001
0.971
0.0
0.099
0.0
0.005
0.124
0.772
0.992
0.0
0.0
0.008
0.0
0.992
0.0
0.0
0.008
0.0
HT 200 info_gain 0.05 False False nb 5 [0.9, 0.9, 0.9] 5000 10000 1000 2000
0.006
0.984
0.006
0.001
0.001
0.005
0.0
0.995
0.0
0.0
0.999
0.0
0.001
0.0
0.0
0.267
0.728
0.005
0.0
0.0
1.0
0.0
0.0
0.0
0.0
1.0
0.0
0.0
0.0
0.0
0.002
0.988
0.006
0.001
0.001
0.005
0.0
0.995
0.0
0.0
0.011
0.0
0.001
0.988
0.0
0.015
0.037
0.005
0.943
0.0
0.983
0.0
0.0
0.017
0.0
0.985
0.0
0.0
0.015
0.0
0.001
0.989
0.006
0.001
0.001
0.0
0.0
1.0
0.0
0.0
0.009
0.0
0.001
0.99
0.0
0.067
0.0
0.005
0.0
0.928
0.958
0.0
0.0
0.042
0.0
0.956
0.0
0.0
0.044
0.0
HT 200 info_gain 0.05 False False nb 5 [0.9, 0.9, 0.9] 5000 10000 1000 5000
0.006
0.984
0.006
0.001
0.001
0.005
0.0
0.995
0.0
0.0
0.999
0.0
0.001
0.0
0.0
0.267
0.728
0.005
0.0
0.0
1.0
0.0
0.0
0.0
0.0
1.0
0.0
0.0
0.0
0.0
0.008
0.967
0.006
0.016
0.001
0.0
0.0
1.0
0.0
0.0
0.008
0.0
0.001
0.991
0.0
0.01
0.08
0.005
0.905
0.0
0.082
0.0
0.0
0.918
0.0
0.084
0.0
0.0
0.916
0.0
0.002
0.96
0.006
0.029
0.001
0.0
0.0
1.0
0.0
0.0
0.007
0.0
0.001
0.992
0.0
0.006
0.0
0.005
0.026
0.963
0.008
0.0
0.001
0.991
0.0
0.007
0.0
0.001
0.992
0.0
HT 200 info_gain 0.05 False False nb 5 [0.5, 0.5, 0.5] 500 10000 1000 1000
0.006
0.984
0.006
0.001
0.001
0.005
0.0
0.995
0.0
0.0
0.999
0.0
0.001
0.0
0.0
0.267
0.728
0.005
0.0
0.0
1.0
0.0
0.0
0.0
0.0
1.0
0.0
0.0
0.0
0.0
0.016
0.979
0.001
0.001
0.001
0.008
0.0
0.992
0.0
0.0
0.009
0.0
0.0
0.991
0.0
0.015
0.0
0.0
0.985
0.0
0.088
0.0
0.0
0.912
0.0
0.085
0.0
0.0
0.915
0.0
0.011
0.984
0.001
0.001
0.001
0.005
0.0
0.995
0.0
0.0
0.021
0.0
0.0
0.979
0.0
0.01
0.0
0.0
0.326
0.664
0.977
0.0
0.0
0.023
0.0
0.972
0.0
0.0
0.028
0.0
HT 200 info_gain 0.05 False False nb 5 [0.5, 0.5, 0.5] 500 10000 1000 600
0.006
0.984
0.006
0.001
0.001
0.005
0.0
0.995
0.0
0.0
0.999
0.0
0.001
0.0
0.0
0.267
0.728
0.005
0.0
0.0
1.0
0.0
0.0
0.0
0.0
1.0
0.0
0.0
0.0
0.0
0.016
0.979
0.001
0.001
0.001
0.011
0.0
0.989
0.0
0.0
0.025
0.0
0.0
0.975
0.0
0.015
0.0
0.0
0.985
0.0
0.99
0.0
0.0
0.01
0.0
0.99
0.0
0.0
0.01
0.0
0.016
0.979
0.001
0.001
0.001
0.005
0.0
0.995
0.0
0.0
0.021
0.0
0.0
0.979
0.0
0.01
0.0
0.0
0.218
0.772
0.126
0.412
0.0
0.462
0.0
0.127
0.328
0.0
0.545
0.0
HT 200 info_gain 0.05 False False nb 5 [0.5, 0.5, 0.5] 500 10000 1000 2000
0.006
0.984
0.006
0.001
0.001
0.005
0.0
0.995
0.0
0.0
0.999
0.0
0.001
0.0
0.0
0.267
0.728
0.005
0.0
0.0
1.0
0.0
0.0
0.0
0.0
1.0
0.0
0.0
0.0
0.0
0.016
0.979
0.001
0.001
0.001
0.006
0.0
0.991
0.003
0.0
0.009
0.0
0.0
0.991
0.0
0.018
0.0
0.0
0.982
0.0
0.09
0.0
0.0
0.91
0.0
0.089
0.0
0.0
0.911
0.0
0.067
0.928
0.001
0.001
0.001
0.005
0.0
0.995
0.0
0.0
0.028
0.0
0.0
0.972
0.0
0.01
0.0
0.0
0.188
0.802
0.951
0.0
0.0
0.049
0.0
0.928
0.0
0.0
0.072
0.0
HT 200 info_gain 0.05 False False nb 5 [0.5, 0.5, 0.5] 500 10000 1000 5000
0.006
0.984
0.006
0.001
0.001
0.005
0.0
0.995
0.0
0.0
0.999
0.0
0.001
0.0
0.0
0.267
0.728
0.005
0.0
0.0
1.0
0.0
0.0
0.0
0.0
1.0
0.0
0.0
0.0
0.0
0.001
0.953
0.001
0.042
0.001
0.0
0.0
0.99
0.01
0.0
0.006
0.0
0.0
0.994
0.0
0.024
0.0
0.0
0.976
0.0
0.063
0.0
0.0
0.937
0.0
0.062
0.0
0.0
0.938
0.0
0.011
0.957
0.001
0.028
0.001
0.01
0.0
0.99
0.0
0.0
0.009
0.115
0.0
0.876
0.0
0.005
0.0
0.0
0.017
0.978
0.008
0.468
0.0
0.524
0.0
0.007
0.462
0.0
0.531
0.0
HT 200 info_gain 0.05 False False nb 5 [0.5, 0.5, 0.5] 1000 10000 1000 1000
0.006
0.984
0.006
0.001
0.001
0.005
0.0
0.995
0.0
0.0
0.999
0.0
0.001
0.0
0.0
0.267
0.728
0.005
0.0
0.0
1.0
0.0
0.0
0.0
0.0
1.0
0.0
0.0
0.0
0.0
0.006
0.984
0.006
0.001
0.001
0.008
0.0
0.992
0.0
0.0
0.006
0.0
0.001
0.993
0.0
0.01
0.003
0.005
0.982
0.0
0.982
0.0
0.0
0.018
0.0
0.98
0.0
0.0
0.02
0.0
0.006
0.984
0.006
0.001
0.001
0.0
0.0
1.0
0.0
0.0
0.01
0.0
0.001
0.989
0.0
0.005
0.0
0.005
0.192
0.798
0.065
0.551
0.0
0.384
0.0
0.066
0.476
0.0
0.458
0.0
HT 200 info_gain 0.05 False False nb 5 [0.5, 0.5, 0.5] 1000 10000 1000 600
0.006
0.984
0.006
0.001
0.001
0.005
0.0
0.995
0.0
0.0
0.999
0.0
0.001
0.0
0.0
0.267
0.728
0.005
0.0
0.0
1.0
0.0
0.0
0.0
0.0
1.0
0.0
0.0
0.0
0.0
0.006
0.984
0.006
0.001
0.001
0.0
0.0
1.0
0.0
0.0
0.025
0.0
0.001
0.974
0.0
0.01
0.001
0.005
0.984
0.0
0.99
0.0
0.0
0.01
0.0
0.99
0.0
0.0
0.01
0.0
0.006
0.984
0.006
0.001
0.001
0.0
0.0
1.0
0.0
0.0
0.024
0.0
0.001
0.975
0.0
0.005
0.0
0.005
0.172
0.818
0.131
0.479
0.0
0.39
0.0
0.132
0.384
0.0
0.484
0.0
HT 200 info_gain 0.05 False False nb 5 [0.5, 0.5, 0.5] 1000 10000 1000 2000
0.006
0.984
0.006
0.001
0.001
0.005
0.0
0.995
0.0
0.0
0.999
0.0
0.001
0.0
0.0
0.267
0.728
0.005
0.0
0.0
1.0
0.0
0.0
0.0
0.0
1.0
0.0
0.0
0.0
0.0
0.006
0.984
0.006
0.001
0.001
0.002
0.0
0.998
0.0
0.0
0.008
0.0
0.001
0.991
0.0
0.012
0.013
0.005
0.97
0.0
0.09
0.0
0.0
0.91
0.0
0.089
0.0
0.0
0.911
0.0
0.001
0.988
0.006
0.002
0.001
0.0
0.0
1.0
0.0
0.0
0.008
0.0
0.001
0.991
0.0
0.005
0.0
0.005
0.03
0.96
0.039
0.0
0.0
0.961
0.0
0.038
0.0
0.0
0.962
0.0
HT 200 info_gain 0.05 False False nb 5 [0.5, 0.5, 0.5] 1000 10000 1000 5000
0.006
0.984
0.006
0.001
0.001
0.005
0.0
0.995
0.0
0.0
0.999
0.0
0.001
0.0
0.0
0.267
0.728
0.005
0.0
0.0
1.0
0.0
0.0
0.0
0.0
1.0
0.0
0.0
0.0
0.0
0.011
0.972
0.006
0.008
0.001
0.005
0.0
0.995
0.0
0.0
0.008
0.0
0.001
0.991
0.0
0.018
0.0
0.005
0.977
0.0
0.067
0.0
0.0
0.933
0.0
0.066
0.0
0.0
0.934
0.0
0.001
0.953
0.006
0.037
0.001
0.005
0.0
0.995
0.0
0.0
0.01
0.0
0.001
0.989
0.0
0.0
0.0
0.005
0.036
0.959
0.011
0.0
0.0
0.989
0.0
0.011
0.0
0.0
0.989
0.0
HT 200 info_gain 0.05 False False nb 5 [0.5, 0.5, 0.5] 2000 10000 1000 1000
0.006
0.984
0.006
0.001
0.001
0.005
0.0
0.995
0.0
0.0
0.999
0.0
0.001
0.0
0.0
0.267
0.728
0.005
0.0
0.0
1.0
0.0
0.0
0.0
0.0
1.0
0.0
0.0
0.0
0.0
0.006
0.984
0.006
0.001
0.001
0.005
0.0
0.995
0.0
0.0
0.009
0.0
0.001
0.99
0.0
0.01
0.011
0.005
0.974
0.0
0.986
0.0
0.0
0.014
0.0
0.987
0.0
0.0
0.013
0.0
0.001
0.989
0.006
0.001
0.001
0.005
0.0
0.99
0.005
0.0
0.015
0.0
0.001
0.984
0.0
0.005
0.0
0.005
0.201
0.789
0.988
0.0
0.0
0.012
0.0
0.987
0.0
0.0
0.013
0.0
HT 200 info_gain 0.05 False False nb 5 [0.5, 0.5, 0.5] 2000 10000 1000 600
0.006
0.984
0.006
0.001
0.001
0.005
0.0
0.995
0.0
0.0
0.999
0.0
0.001
0.0
0.0
0.267
0.728
0.005
0.0
0.0
1.0
0.0
0.0
0.0
0.0
1.0
0.0
0.0
0.0
0.0
0.006
0.984
0.006
0.001
0.001
0.0
0.0
1.0
0.0
0.0
0.024
0.001
0.001
0.974
0.0
0.01
0.009
0.005
0.976
0.0
0.987
0.0
0.0
0.013
0.0
0.987
0.0
0.0
0.013
0.0
0.006
0.984
0.006
0.001
0.001
0.0
0.0
1.0
0.0
0.0
0.024
0.0
0.001
0.975
0.0
0.005
0.0
0.005
0.163
0.827
0.173
0.0
0.0
0.827
0.0
0.216
0.0
0.0
0.784
0.0
HT 200 info_gain 0.05 False False nb 5 [0.5, 0.5, 0.5] 2000 10000 1000 2000
0.006
0.984
0.006
0.001
0.001
0.005
0.0
0.995
0.0
0.0
0.999
0.0
0.001
0.0
0.0
0.267
0.728
0.005
0.0
0.0
1.0
0.0
0.0
0.0
0.0
1.0
0.0
0.0
0.0
0.0
0.006
0.968
0.006
0.017
0.001
0.004
0.0
0.996
0.0
0.0
0.009
0.0
0.001
0.99
0.0
0.012
0.039
0.005
0.944
0.0
0.064
0.0
0.0
0.936
0.0
0.066
0.0
0.0
0.934
0.0
0.006
0.984
0.006
0.001
0.001
0.0
0.0
1.0
0.0
0.0
0.008
0.0
0.001
0.991
0.0
0.005
0.0
0.005
0.0
0.99
0.943
0.0
0.0
0.057
0.0
0.931
0.0
0.0
0.069
0.0
HT 200 info_gain 0.05 False False nb 5 [0.5, 0.5, 0.5] 2000 10000 1000 5000
0.006
0.984
0.006
0.001
0.001
0.005
0.0
0.995
0.0
0.0
0.999
0.0
0.001
0.0
0.0
0.267
0.728
0.005
0.0
0.0
1.0
0.0
0.0
0.0
0.0
1.0
0.0
0.0
0.0
0.0
0.006
0.97
0.006
0.015
0.001
0.008
0.0
0.992
0.0
0.0
0.008
0.0
0.001
0.991
0.0
0.011
0.062
0.005
0.922
0.0
0.073
0.0
0.0
0.927
0.0
0.072
0.0
0.0
0.928
0.0
0.001
0.962
0.006
0.028
0.001
0.0
0.0
1.0
0.0
0.0
0.007
0.0
0.002
0.991
0.0
0.0
0.0
0.006
0.042
0.952
0.013
0.0
0.0
0.987
0.0
0.008
0.0
0.001
0.991
0.0
HT 200 info_gain 0.05 False False nb 5 [0.5, 0.5, 0.5] 5000 10000 1000 1000
0.006
0.984
0.006
0.001
0.001
0.005
0.0
0.995
0.0
0.0
0.999
0.0
0.001
0.0
0.0
0.267
0.728
0.005
0.0
0.0
1.0
0.0
0.0
0.0
0.0
1.0
0.0
0.0
0.0
0.0
0.006
0.984
0.006
0.001
0.001
0.005
0.0
0.995
0.0
0.0
0.013
0.0
0.001
0.986
0.0
0.01
0.014
0.005
0.971
0.0
0.981
0.0
0.0
0.019
0.0
0.98
0.0
0.0
0.02
0.0
0.001
0.989
0.006
0.001
0.001
0.005
0.0
0.995
0.0
0.0
0.021
0.0
0.001
0.978
0.0
0.005
0.0
0.005
0.273
0.717
0.155
0.0
0.0
0.845
0.0
0.2
0.0
0.0
0.8
0.0
HT 200 info_gain 0.05 False False nb 5 [0.5, 0.5, 0.5] 5000 10000 1000 600
0.006
0.984
0.006
0.001
0.001
0.005
0.0
0.995
0.0
0.0
0.999
0.0
0.001
0.0
0.0
0.267
0.728
0.005
0.0
0.0
1.0
0.0
0.0
0.0
0.0
1.0
0.0
0.0
0.0
0.0
0.001
0.989
0.006
0.001
0.001
0.0
0.0
1.0
0.0
0.0
0.043
0.001
0.001
0.955
0.0
0.01
0.017
0.005
0.968
0.0
0.982
0.0
0.0
0.018
0.0
0.982
0.0
0.0
0.018
0.0
0.001
0.989
0.006
0.001
0.001
0.0
0.0
1.0
0.0
0.0
0.027
0.0
0.001
0.972
0.0
0.005
0.0
0.005
0.174
0.816
0.461
0.535
0.0
0.004
0.0
0.538
0.458
0.0
0.004
0.0
HT 200 info_gain 0.05 False False nb 5 [0.5, 0.5, 0.5] 5000 10000 1000 2000
0.006
0.984
0.006
0.001
0.001
0.005
0.0
0.995
0.0
0.0
0.999
0.0
0.001
0.0
0.0
0.267
0.728
0.005
0.0
0.0
1.0
0.0
0.0
0.0
0.0
1.0
0.0
0.0
0.0
0.0
