HT 200 info_gain 0.05 False False nb 0 [0.9, 0.66, 0.75] 500 10000 1000 1000
0.011
0.984
0.001
0.001
0.001
0.01
0.0
0.99
0.0
0.0
1.0
0.0
0.0
0.0
0.0
0.554
0.446
0.0
0.0
0.0
1.0
0.0
0.0
0.0
0.0
1.0
0.0
0.0
0.0
0.0
0.019
0.957
0.006
0.015
0.001
0.005
0.0
0.99
0.005
0.0
0.003
0.0
0.001
0.996
0.0
0.015
0.001
0.005
0.979
0.0
0.005
0.0
0.0
0.995
0.0
0.003
0.0
0.0
0.997
0.0
0.06
0.821
0.006
0.11
0.001
0.005
0.0
0.995
0.0
0.0
0.005
0.0
0.001
0.994
0.0
0.005
0.0
0.005
0.0
0.99
0.005
0.002
0.0
0.993
0.0
0.005
0.001
0.0
0.994
0.0
HT 200 info_gain 0.05 False False nb 0 [1, 1, 1] 500 10000 1000 1000
0.011
0.984
0.001
0.001
0.001
0.01
0.0
0.99
0.0
0.0
1.0
0.0
0.0
0.0
0.0
0.554
0.446
0.0
0.0
0.0
1.0
0.0
0.0
0.0
0.0
1.0
0.0
0.0
0.0
0.0
0.518
0.472
0.006
0.001
0.001
0.01
0.0
0.99
0.0
0.0
0.006
0.0
0.001
0.993
0.0
0.018
0.001
0.005
0.976
0.0
0.005
0.0
0.0
0.995
0.0
0.005
0.0
0.0
0.995
0.0
0.743
0.247
0.006
0.001
0.001
0.005
0.0
0.995
0.0
0.0
0.007
0.0
0.001
0.992
0.0
0.762
0.0
0.005
0.0
0.233
0.188
0.002
0.0
0.81
0.0
0.186
0.0
0.0
0.814
0.0
HT 200 info_gain 0.05 False False nb 0 [0.9, 0.9, 0.9] 500 10000 1000 1000
0.011
0.984
0.001
0.001
0.001
0.01
0.0
0.99
0.0
0.0
1.0
0.0
0.0
0.0
0.0
0.554
0.446
0.0
0.0
0.0
1.0
0.0
0.0
0.0
0.0
1.0
0.0
0.0
0.0
0.0
0.006
0.979
0.006
0.006
0.001
0.005
0.0
0.995
0.0
0.0
0.005
0.0
0.001
0.994
0.0
0.015
0.001
0.005
0.979
0.0
0.008
0.0
0.0
0.992
0.0
0.006
0.0
0.0
0.994
0.0
0.058
0.843
0.006
0.09
0.001
0.005
0.0
0.995
0.0
0.0
0.006
0.0
0.001
0.993
0.0
0.005
0.0
0.005
0.0
0.99
0.006
0.002
0.0
0.992
0.0
0.006
0.002
0.0
0.992
0.0
HT 200 info_gain 0.05 False False nb 0 [0.5, 0.5, 0.5] 500 10000 1000 1000
0.006
0.989
0.001
0.001
0.001
0.005
0.005
0.99
0.0
0.0
0.999
0.001
0.0
0.0
0.0
0.549
0.451
0.0
0.0
0.0
1.0
0.0
0.0
0.0
0.0
1.0
0.0
0.0
0.0
0.0
0.006
0.979
0.006
0.006
0.001
0.014
0.0
0.986
0.0
0.0
0.009
0.0
0.001
0.99
0.0
0.015
0.004
0.005
0.976
0.0
0.014
0.0
0.0
0.986
0.0
0.012
0.0
0.0
0.988
0.0
0.006
0.88
0.006
0.105
0.001
0.007
0.0
0.993
0.0
0.0
0.006
0.0
0.001
0.993
0.0
0.005
0.0
0.005
0.0
0.99
0.006
0.002
0.0
0.992
0.0
0.006
0.002
0.0
0.992
0.0
HT 200 info_gain 0.05 False False nb 5 [0.9, 0.66, 0.75] 500 10000 1000 1000
0.011
0.984
0.001
0.001
0.001
0.01
0.0
0.99
0.0
0.0
1.0
0.0
0.0
0.0
0.0
0.554
0.446
0.0
0.0
0.0
1.0
0.0
0.0
0.0
0.0
1.0
0.0
0.0
0.0
0.0
0.006
0.979
0.006
0.006
0.001
0.015
0.0
0.985
0.0
0.0
0.004
0.0
0.001
0.995
0.0
0.015
0.001
0.005
0.979
0.0
0.007
0.0
0.0
0.993
0.0
0.005
0.0
0.0
0.995
0.0
0.041
0.847
0.006
0.103
0.001
0.01
0.0
0.99
0.0
0.0
0.006
0.0
0.001
0.993
0.0
0.005
0.0
0.005
0.0
0.99
0.006
0.002
0.0
0.992
0.0
0.006
0.001
0.0
0.993
0.0
HT 200 info_gain 0.05 False False nb 5 [1, 1, 1] 500 10000 1000 1000
0.011
0.984
0.001
0.001
0.001
0.01
0.0
0.99
0.0
0.0
1.0
0.0
0.0
0.0
0.0
0.554
0.446
0.0
0.0
0.0
1.0
0.0
0.0
0.0
0.0
1.0
0.0
0.0
0.0
0.0
0.482
0.508
0.006
0.001
0.001
0.015
0.0
0.985
0.0
0.0
0.004
0.0
0.001
0.995
0.0
0.019
0.0
0.005
0.976
0.0
0.01
0.0
0.0
0.99
0.0
0.008
0.0
0.0
0.992
0.0
0.739
0.251
0.006
0.001
0.001
0.005
0.0
0.995
0.0
0.0
0.008
0.0
0.001
0.991
0.0
0.76
0.0
0.005
0.0
0.235
0.208
0.002
0.0
0.79
0.0
0.201
0.0
0.0
0.799
0.0