SVC()
X_TEST
11.692763157894737
NORMAL_2
0.5
F1
0.0
F2
0.0
F3
0.0
F4
0.0
SVC()
X_TEST
SVC()
X_TEST
11.69342105263158
SVC()
[[100   0   0   0   0]
 [  2  17   0   0   0]
 [  0   0  28   0   0]
 [  0   0   0  28   0]
 [  0   0   0   0  25]]
SVC()
[[0.98039216 0.         0.         0.         0.        ]
 [0.01960784 1.         0.         0.         0.        ]
 [0.         0.         1.         0.         0.        ]
 [0.         0.         0.         1.         0.        ]
 [0.         0.         0.         0.         1.        ]]
SVC()
[[0.5   0.    0.    0.    0.   ]
 [0.01  0.085 0.    0.    0.   ]
 [0.    0.    0.14  0.    0.   ]
 [0.    0.    0.    0.14  0.   ]
 [0.    0.    0.    0.    0.125]]
SVC()
[[1.         0.         0.         0.         0.        ]
 [0.10526316 0.89473684 0.         0.         0.        ]
 [0.         0.         1.         0.         0.        ]
 [0.         0.         0.         1.         0.        ]
 [0.         0.         0.         0.         1.        ]]
