LOSS FACTOR: 0.96
ARC: [54, 32, 9]
LAST LAYER: Tanh()
BATCH: 32
OPTIM: RMSprop
LOSS FNC: L1Loss()
mu_full;mu_step;mu_agg;mu_online;std_full;std_step;std_agg;std_online;phi_full;phi_step;phi_agg;phi_online;x_test_hit_full;x_test_hit_step;x_test_hit_agg;x_test_hit_online;normal_2_hit_full;normal_2_hit_step;normal_2_hit_agg;normal_2_hit_online;f1_hit_full;f2_hit_full;f3_hit_full;f4_hit_full;f1_hit_step;f2_hit_step;f3_hit_step;f4_hit_step;f1_hit_agg;f2_hit_agg;f3_hit_agg;f4_hit_agg;f1_hit_online;f2_hit_online;f3_hit_online;f4_hit_online
0.000000;0.061896;0.000000;0.000000;0.000000;0.070738;0.000000;0.000000;0.000000;0.000000;0.000000;0.000000;0.000000;0.000000;0.000000;0.000000;0.000000;0.000000;0.000000;0.000000;0.000000;0.000000;0.000000;0.000000;0.000000;0.000000;0.000000;0.000000;0.000000;0.000000;0.000000;0.000000;0.000000;0.000000;0.000000;0.000000
0.000000;0.055188;0.000000;0.000000;0.000000;0.071752;0.000000;0.000000;0.000000;0.000000;0.000000;0.000000;0.000000;0.000000;0.000000;0.000000;0.000000;0.000000;0.000000;0.000000;0.000000;0.000000;0.000000;0.000000;0.000000;0.000000;0.000000;0.000000;0.000000;0.000000;0.000000;0.000000;0.000000;0.000000;0.000000;0.000000
0.000000;0.044149;0.000000;0.000000;0.000000;0.064310;0.000000;0.000000;0.000000;0.000000;0.000000;0.000000;0.000000;0.000000;0.000000;0.000000;0.000000;0.000000;0.000000;0.000000;0.000000;0.000000;0.000000;0.000000;0.000000;0.000000;0.000000;0.000000;0.000000;0.000000;0.000000;0.000000;0.000000;0.000000;0.000000;0.000000
0.000000;0.034992;0.000000;0.000000;0.000000;0.050413;0.000000;0.000000;0.000000;0.000000;0.000000;0.000000;0.000000;0.000000;0.000000;0.000000;0.000000;0.000000;0.000000;0.000000;0.000000;0.000000;0.000000;0.000000;0.000000;0.000000;0.000000;0.000000;0.000000;0.000000;0.000000;0.000000;0.000000;0.000000;0.000000;0.000000
0.000000;0.036703;0.000000;0.000000;0.000000;0.048106;0.000000;0.000000;0.000000;0.000000;0.000000;0.000000;0.000000;0.000000;0.000000;0.000000;0.000000;0.000000;0.000000;0.000000;0.000000;0.000000;0.000000;0.000000;0.000000;0.000000;0.000000;0.000000;0.000000;0.000000;0.000000;0.000000;0.000000;0.000000;0.000000;0.000000
0.000000;0.029564;0.000000;0.000000;0.000000;0.038530;0.000000;0.000000;0.000000;0.000000;0.000000;0.000000;0.000000;0.000000;0.000000;0.000000;0.000000;0.000000;0.000000;0.000000;0.000000;0.000000;0.000000;0.000000;0.000000;0.000000;0.000000;0.000000;0.000000;0.000000;0.000000;0.000000;0.000000;0.000000;0.000000;0.000000
0.000000;0.027846;0.000000;0.000000;0.000000;0.038715;0.000000;0.000000;0.000000;0.000000;0.000000;0.000000;0.000000;0.000000;0.000000;0.000000;0.000000;0.000000;0.000000;0.000000;0.000000;0.000000;0.000000;0.000000;0.000000;0.000000;0.000000;0.000000;0.000000;0.000000;0.000000;0.000000;0.000000;0.000000;0.000000;0.000000
0.000000;0.028973;0.000000;0.000000;0.000000;0.040847;0.000000;0.000000;0.000000;0.000000;0.000000;0.000000;0.000000;0.000000;0.000000;0.000000;0.000000;0.000000;0.000000;0.000000;0.000000;0.000000;0.000000;0.000000;0.000000;0.000000;0.000000;0.000000;0.000000;0.000000;0.000000;0.000000;0.000000;0.000000;0.000000;0.000000
0.000000;0.031792;0.000000;0.000000;0.000000;0.046292;0.000000;0.000000;0.000000;0.000000;0.000000;0.000000;0.000000;0.000000;0.000000;0.000000;0.000000;0.000000;0.000000;0.000000;0.000000;0.000000;0.000000;0.000000;0.000000;0.000000;0.000000;0.000000;0.000000;0.000000;0.000000;0.000000;0.000000;0.000000;0.000000;0.000000
0.000000;0.028461;0.000000;0.000000;0.000000;0.036699;0.000000;0.000000;0.000000;0.000000;0.000000;0.000000;0.000000;0.000000;0.000000;0.000000;0.000000;0.000000;0.000000;0.000000;0.000000;0.000000;0.000000;0.000000;0.000000;0.000000;0.000000;0.000000;0.000000;0.000000;0.000000;0.000000;0.000000;0.000000;0.000000;0.000000
0.000000;0.026511;0.000000;0.000000;0.000000;0.039023;0.000000;0.000000;0.000000;0.000000;0.000000;0.000000;0.000000;0.000000;0.000000;0.000000;0.000000;0.000000;0.000000;0.000000;0.000000;0.000000;0.000000;0.000000;0.000000;0.000000;0.000000;0.000000;0.000000;0.000000;0.000000;0.000000;0.000000;0.000000;0.000000;0.000000
0.000000;0.031077;0.000000;0.000000;0.000000;0.058772;0.000000;0.000000;0.000000;0.000000;0.000000;0.000000;0.000000;0.000000;0.000000;0.000000;0.000000;0.000000;0.000000;0.000000;0.000000;0.000000;0.000000;0.000000;0.000000;0.000000;0.000000;0.000000;0.000000;0.000000;0.000000;0.000000;0.000000;0.000000;0.000000;0.000000
0.000000;0.024567;0.000000;0.000000;0.000000;0.037731;0.000000;0.000000;0.000000;0.000000;0.000000;0.000000;0.000000;0.000000;0.000000;0.000000;0.000000;0.000000;0.000000;0.000000;0.000000;0.000000;0.000000;0.000000;0.000000;0.000000;0.000000;0.000000;0.000000;0.000000;0.000000;0.000000;0.000000;0.000000;0.000000;0.000000
0.000000;0.025978;0.000000;0.000000;0.000000;0.041485;0.000000;0.000000;0.000000;0.000000;0.000000;0.000000;0.000000;0.000000;0.000000;0.000000;0.000000;0.000000;0.000000;0.000000;0.000000;0.000000;0.000000;0.000000;0.000000;0.000000;0.000000;0.000000;0.000000;0.000000;0.000000;0.000000;0.000000;0.000000;0.000000;0.000000
0.000000;0.023956;0.000000;0.000000;0.000000;0.039168;0.000000;0.000000;0.000000;0.000000;0.000000;0.000000;0.000000;0.000000;0.000000;0.000000;0.000000;0.000000;0.000000;0.000000;0.000000;0.000000;0.000000;0.000000;0.000000;0.000000;0.000000;0.000000;0.000000;0.000000;0.000000;0.000000;0.000000;0.000000;0.000000;0.000000
0.000000;0.020760;0.000000;0.000000;0.000000;0.036833;0.000000;0.000000;0.000000;0.000000;0.000000;0.000000;0.000000;0.000000;0.000000;0.000000;0.000000;0.000000;0.000000;0.000000;0.000000;0.000000;0.000000;0.000000;0.000000;0.000000;0.000000;0.000000;0.000000;0.000000;0.000000;0.000000;0.000000;0.000000;0.000000;0.000000
0.000000;0.021660;0.000000;0.000000;0.000000;0.038203;0.000000;0.000000;0.000000;0.000000;0.000000;0.000000;0.000000;0.000000;0.000000;0.000000;0.000000;0.000000;0.000000;0.000000;0.000000;0.000000;0.000000;0.000000;0.000000;0.000000;0.000000;0.000000;0.000000;0.000000;0.000000;0.000000;0.000000;0.000000;0.000000;0.000000
0.000000;0.020857;0.000000;0.000000;0.000000;0.036721;0.000000;0.000000;0.000000;0.000000;0.000000;0.000000;0.000000;0.000000;0.000000;0.000000;0.000000;0.000000;0.000000;0.000000;0.000000;0.000000;0.000000;0.000000;0.000000;0.000000;0.000000;0.000000;0.000000;0.000000;0.000000;0.000000;0.000000;0.000000;0.000000;0.000000
0.000000;0.019079;0.000000;0.000000;0.000000;0.032795;0.000000;0.000000;0.000000;0.000000;0.000000;0.000000;0.000000;0.000000;0.000000;0.000000;0.000000;0.000000;0.000000;0.000000;0.000000;0.000000;0.000000;0.000000;0.000000;0.000000;0.000000;0.000000;0.000000;0.000000;0.000000;0.000000;0.000000;0.000000;0.000000;0.000000
0.000000;0.019671;0.000000;0.000000;0.000000;0.030286;0.000000;0.000000;0.000000;0.000000;0.000000;0.000000;0.000000;0.000000;0.000000;0.000000;0.000000;0.000000;0.000000;0.000000;0.000000;0.000000;0.000000;0.000000;0.000000;0.000000;0.000000;0.000000;0.000000;0.000000;0.000000;0.000000;0.000000;0.000000;0.000000;0.000000
0.000000;0.019564;0.000000;0.000000;0.000000;0.030682;0.000000;0.000000;0.000000;0.000000;0.000000;0.000000;0.000000;0.000000;0.000000;0.000000;0.000000;0.000000;0.000000;0.000000;0.000000;0.000000;0.000000;0.000000;0.000000;0.000000;0.000000;0.000000;0.000000;0.000000;0.000000;0.000000;0.000000;0.000000;0.000000;0.000000
0.000000;0.017085;0.000000;0.000000;0.000000;0.026327;0.000000;0.000000;0.000000;0.000000;0.000000;0.000000;0.000000;0.000000;0.000000;0.000000;0.000000;0.000000;0.000000;0.000000;0.000000;0.000000;0.000000;0.000000;0.000000;0.000000;0.000000;0.000000;0.000000;0.000000;0.000000;0.000000;0.000000;0.000000;0.000000;0.000000
0.000000;0.019581;0.000000;0.000000;0.000000;0.037146;0.000000;0.000000;0.000000;0.000000;0.000000;0.000000;0.000000;0.000000;0.000000;0.000000;0.000000;0.000000;0.000000;0.000000;0.000000;0.000000;0.000000;0.000000;0.000000;0.000000;0.000000;0.000000;0.000000;0.000000;0.000000;0.000000;0.000000;0.000000;0.000000;0.000000
0.000000;0.017387;0.000000;0.000000;0.000000;0.026940;0.000000;0.000000;0.000000;0.000000;0.000000;0.000000;0.000000;0.000000;0.000000;0.000000;0.000000;0.000000;0.000000;0.000000;0.000000;0.000000;0.000000;0.000000;0.000000;0.000000;0.000000;0.000000;0.000000;0.000000;0.000000;0.000000;0.000000;0.000000;0.000000;0.000000
0.000000;0.018545;0.000000;0.000000;0.000000;0.028836;0.000000;0.000000;0.000000;0.000000;0.000000;0.000000;0.000000;0.000000;0.000000;0.000000;0.000000;0.000000;0.000000;0.000000;0.000000;0.000000;0.000000;0.000000;0.000000;0.000000;0.000000;0.000000;0.000000;0.000000;0.000000;0.000000;0.000000;0.000000;0.000000;0.000000
0.000000;0.023689;0.000000;0.000000;0.000000;0.049736;0.000000;0.000000;0.000000;0.000000;0.000000;0.000000;0.000000;0.000000;0.000000;0.000000;0.000000;0.000000;0.000000;0.000000;0.000000;0.000000;0.000000;0.000000;0.000000;0.000000;0.000000;0.000000;0.000000;0.000000;0.000000;0.000000;0.000000;0.000000;0.000000;0.000000
0.000000;0.014598;0.000000;0.000000;0.000000;0.020443;0.000000;0.000000;0.000000;0.000000;0.000000;0.000000;0.000000;0.000000;0.000000;0.000000;0.000000;0.000000;0.000000;0.000000;0.000000;0.000000;0.000000;0.000000;0.000000;0.000000;0.000000;0.000000;0.000000;0.000000;0.000000;0.000000;0.000000;0.000000;0.000000;0.000000
0.000000;0.017508;0.000000;0.000000;0.000000;0.031972;0.000000;0.000000;0.000000;0.000000;0.000000;0.000000;0.000000;0.000000;0.000000;0.000000;0.000000;0.000000;0.000000;0.000000;0.000000;0.000000;0.000000;0.000000;0.000000;0.000000;0.000000;0.000000;0.000000;0.000000;0.000000;0.000000;0.000000;0.000000;0.000000;0.000000
0.000000;0.015772;0.000000;0.000000;0.000000;0.026983;0.000000;0.000000;0.000000;0.000000;0.000000;0.000000;0.000000;0.000000;0.000000;0.000000;0.000000;0.000000;0.000000;0.000000;0.000000;0.000000;0.000000;0.000000;0.000000;0.000000;0.000000;0.000000;0.000000;0.000000;0.000000;0.000000;0.000000;0.000000;0.000000;0.000000
0.000000;0.016790;0.000000;0.000000;0.000000;0.033306;0.000000;0.000000;0.000000;0.000000;0.000000;0.000000;0.000000;0.000000;0.000000;0.000000;0.000000;0.000000;0.000000;0.000000;0.000000;0.000000;0.000000;0.000000;0.000000;0.000000;0.000000;0.000000;0.000000;0.000000;0.000000;0.000000;0.000000;0.000000;0.000000;0.000000
0.000000;0.019248;0.000000;0.000000;0.000000;0.035713;0.000000;0.000000;0.000000;0.000000;0.000000;0.000000;0.000000;0.000000;0.000000;0.000000;0.000000;0.000000;0.000000;0.000000;0.000000;0.000000;0.000000;0.000000;0.000000;0.000000;0.000000;0.000000;0.000000;0.000000;0.000000;0.000000;0.000000;0.000000;0.000000;0.000000
0.000000;0.015142;0.000000;0.000000;0.000000;0.024913;0.000000;0.000000;0.000000;0.000000;0.000000;0.000000;0.000000;0.000000;0.000000;0.000000;0.000000;0.000000;0.000000;0.000000;0.000000;0.000000;0.000000;0.000000;0.000000;0.000000;0.000000;0.000000;0.000000;0.000000;0.000000;0.000000;0.000000;0.000000;0.000000;0.000000
0.000000;0.017877;0.000000;0.000000;0.000000;0.031313;0.000000;0.000000;0.000000;0.000000;0.000000;0.000000;0.000000;0.000000;0.000000;0.000000;0.000000;0.000000;0.000000;0.000000;0.000000;0.000000;0.000000;0.000000;0.000000;0.000000;0.000000;0.000000;0.000000;0.000000;0.000000;0.000000;0.000000;0.000000;0.000000;0.000000
0.000000;0.015336;0.000000;0.000000;0.000000;0.023458;0.000000;0.000000;0.000000;0.000000;0.000000;0.000000;0.000000;0.000000;0.000000;0.000000;0.000000;0.000000;0.000000;0.000000;0.000000;0.000000;0.000000;0.000000;0.000000;0.000000;0.000000;0.000000;0.000000;0.000000;0.000000;0.000000;0.000000;0.000000;0.000000;0.000000
0.000000;0.015860;0.000000;0.000000;0.000000;0.028606;0.000000;0.000000;0.000000;0.000000;0.000000;0.000000;0.000000;0.000000;0.000000;0.000000;0.000000;0.000000;0.000000;0.000000;0.000000;0.000000;0.000000;0.000000;0.000000;0.000000;0.000000;0.000000;0.000000;0.000000;0.000000;0.000000;0.000000;0.000000;0.000000;0.000000
0.000000;0.014850;0.000000;0.000000;0.000000;0.023337;0.000000;0.000000;0.000000;0.000000;0.000000;0.000000;0.000000;0.000000;0.000000;0.000000;0.000000;0.000000;0.000000;0.000000;0.000000;0.000000;0.000000;0.000000;0.000000;0.000000;0.000000;0.000000;0.000000;0.000000;0.000000;0.000000;0.000000;0.000000;0.000000;0.000000
0.000000;0.020019;0.000000;0.000000;0.000000;0.044881;0.000000;0.000000;0.000000;0.000000;0.000000;0.000000;0.000000;0.000000;0.000000;0.000000;0.000000;0.000000;0.000000;0.000000;0.000000;0.000000;0.000000;0.000000;0.000000;0.000000;0.000000;0.000000;0.000000;0.000000;0.000000;0.000000;0.000000;0.000000;0.000000;0.000000
0.000000;0.016392;0.000000;0.000000;0.000000;0.030019;0.000000;0.000000;0.000000;0.000000;0.000000;0.000000;0.000000;0.000000;0.000000;0.000000;0.000000;0.000000;0.000000;0.000000;0.000000;0.000000;0.000000;0.000000;0.000000;0.000000;0.000000;0.000000;0.000000;0.000000;0.000000;0.000000;0.000000;0.000000;0.000000;0.000000
0.000000;0.015583;0.000000;0.000000;0.000000;0.027075;0.000000;0.000000;0.000000;0.000000;0.000000;0.000000;0.000000;0.000000;0.000000;0.000000;0.000000;0.000000;0.000000;0.000000;0.000000;0.000000;0.000000;0.000000;0.000000;0.000000;0.000000;0.000000;0.000000;0.000000;0.000000;0.000000;0.000000;0.000000;0.000000;0.000000
0.000000;0.017559;0.000000;0.000000;0.000000;0.032413;0.000000;0.000000;0.000000;0.000000;0.000000;0.000000;0.000000;0.000000;0.000000;0.000000;0.000000;0.000000;0.000000;0.000000;0.000000;0.000000;0.000000;0.000000;0.000000;0.000000;0.000000;0.000000;0.000000;0.000000;0.000000;0.000000;0.000000;0.000000;0.000000;0.000000
0.000000;0.017374;0.000000;0.000000;0.000000;0.035862;0.000000;0.000000;0.000000;0.000000;0.000000;0.000000;0.000000;0.000000;0.000000;0.000000;0.000000;0.000000;0.000000;0.000000;0.000000;0.000000;0.000000;0.000000;0.000000;0.000000;0.000000;0.000000;0.000000;0.000000;0.000000;0.000000;0.000000;0.000000;0.000000;0.000000
0.000000;0.014475;0.000000;0.000000;0.000000;0.025782;0.000000;0.000000;0.000000;0.000000;0.000000;0.000000;0.000000;0.000000;0.000000;0.000000;0.000000;0.000000;0.000000;0.000000;0.000000;0.000000;0.000000;0.000000;0.000000;0.000000;0.000000;0.000000;0.000000;0.000000;0.000000;0.000000;0.000000;0.000000;0.000000;0.000000
0.000000;0.015545;0.000000;0.000000;0.000000;0.028403;0.000000;0.000000;0.000000;0.000000;0.000000;0.000000;0.000000;0.000000;0.000000;0.000000;0.000000;0.000000;0.000000;0.000000;0.000000;0.000000;0.000000;0.000000;0.000000;0.000000;0.000000;0.000000;0.000000;0.000000;0.000000;0.000000;0.000000;0.000000;0.000000;0.000000
0.000000;0.013210;0.000000;0.000000;0.000000;0.020182;0.000000;0.000000;0.000000;0.000000;0.000000;0.000000;0.000000;0.000000;0.000000;0.000000;0.000000;0.000000;0.000000;0.000000;0.000000;0.000000;0.000000;0.000000;0.000000;0.000000;0.000000;0.000000;0.000000;0.000000;0.000000;0.000000;0.000000;0.000000;0.000000;0.000000
0.000000;0.016918;0.000000;0.000000;0.000000;0.036598;0.000000;0.000000;0.000000;0.000000;0.000000;0.000000;0.000000;0.000000;0.000000;0.000000;0.000000;0.000000;0.000000;0.000000;0.000000;0.000000;0.000000;0.000000;0.000000;0.000000;0.000000;0.000000;0.000000;0.000000;0.000000;0.000000;0.000000;0.000000;0.000000;0.000000
0.000000;0.015322;0.000000;0.000000;0.000000;0.029189;0.000000;0.000000;0.000000;0.000000;0.000000;0.000000;0.000000;0.000000;0.000000;0.000000;0.000000;0.000000;0.000000;0.000000;0.000000;0.000000;0.000000;0.000000;0.000000;0.000000;0.000000;0.000000;0.000000;0.000000;0.000000;0.000000;0.000000;0.000000;0.000000;0.000000
0.000000;0.014809;0.000000;0.000000;0.000000;0.027979;0.000000;0.000000;0.000000;0.000000;0.000000;0.000000;0.000000;0.000000;0.000000;0.000000;0.000000;0.000000;0.000000;0.000000;0.000000;0.000000;0.000000;0.000000;0.000000;0.000000;0.000000;0.000000;0.000000;0.000000;0.000000;0.000000;0.000000;0.000000;0.000000;0.000000
0.000000;0.019341;0.000000;0.000000;0.000000;0.041219;0.000000;0.000000;0.000000;0.000000;0.000000;0.000000;0.000000;0.000000;0.000000;0.000000;0.000000;0.000000;0.000000;0.000000;0.000000;0.000000;0.000000;0.000000;0.000000;0.000000;0.000000;0.000000;0.000000;0.000000;0.000000;0.000000;0.000000;0.000000;0.000000;0.000000
0.000000;0.017263;0.000000;0.000000;0.000000;0.036893;0.000000;0.000000;0.000000;0.000000;0.000000;0.000000;0.000000;0.000000;0.000000;0.000000;0.000000;0.000000;0.000000;0.000000;0.000000;0.000000;0.000000;0.000000;0.000000;0.000000;0.000000;0.000000;0.000000;0.000000;0.000000;0.000000;0.000000;0.000000;0.000000;0.000000
0.000000;0.017751;0.000000;0.000000;0.000000;0.036549;0.000000;0.000000;0.000000;0.000000;0.000000;0.000000;0.000000;0.000000;0.000000;0.000000;0.000000;0.000000;0.000000;0.000000;0.000000;0.000000;0.000000;0.000000;0.000000;0.000000;0.000000;0.000000;0.000000;0.000000;0.000000;0.000000;0.000000;0.000000;0.000000;0.000000
0.000000;0.013526;0.000000;0.000000;0.000000;0.023753;0.000000;0.000000;0.000000;0.000000;0.000000;0.000000;0.000000;0.000000;0.000000;0.000000;0.000000;0.000000;0.000000;0.000000;0.000000;0.000000;0.000000;0.000000;0.000000;0.000000;0.000000;0.000000;0.000000;0.000000;0.000000;0.000000;0.000000;0.000000;0.000000;0.000000
0.000000;0.015114;0.000000;0.000000;0.000000;0.030196;0.000000;0.000000;0.000000;0.000000;0.000000;0.000000;0.000000;0.000000;0.000000;0.000000;0.000000;0.000000;0.000000;0.000000;0.000000;0.000000;0.000000;0.000000;0.000000;0.000000;0.000000;0.000000;0.000000;0.000000;0.000000;0.000000;0.000000;0.000000;0.000000;0.000000
0.000000;0.016410;0.000000;0.000000;0.000000;0.030968;0.000000;0.000000;0.000000;0.000000;0.000000;0.000000;0.000000;0.000000;0.000000;0.000000;0.000000;0.000000;0.000000;0.000000;0.000000;0.000000;0.000000;0.000000;0.000000;0.000000;0.000000;0.000000;0.000000;0.000000;0.000000;0.000000;0.000000;0.000000;0.000000;0.000000
0.000000;0.016300;0.000000;0.000000;0.000000;0.033827;0.000000;0.000000;0.000000;0.000000;0.000000;0.000000;0.000000;0.000000;0.000000;0.000000;0.000000;0.000000;0.000000;0.000000;0.000000;0.000000;0.000000;0.000000;0.000000;0.000000;0.000000;0.000000;0.000000;0.000000;0.000000;0.000000;0.000000;0.000000;0.000000;0.000000
0.000000;0.016274;0.000000;0.000000;0.000000;0.031904;0.000000;0.000000;0.000000;0.000000;0.000000;0.000000;0.000000;0.000000;0.000000;0.000000;0.000000;0.000000;0.000000;0.000000;0.000000;0.000000;0.000000;0.000000;0.000000;0.000000;0.000000;0.000000;0.000000;0.000000;0.000000;0.000000;0.000000;0.000000;0.000000;0.000000
0.000000;0.016067;0.000000;0.000000;0.000000;0.028940;0.000000;0.000000;0.000000;0.000000;0.000000;0.000000;0.000000;0.000000;0.000000;0.000000;0.000000;0.000000;0.000000;0.000000;0.000000;0.000000;0.000000;0.000000;0.000000;0.000000;0.000000;0.000000;0.000000;0.000000;0.000000;0.000000;0.000000;0.000000;0.000000;0.000000
0.000000;0.012637;0.000000;0.000000;0.000000;0.020977;0.000000;0.000000;0.000000;0.000000;0.000000;0.000000;0.000000;0.000000;0.000000;0.000000;0.000000;0.000000;0.000000;0.000000;0.000000;0.000000;0.000000;0.000000;0.000000;0.000000;0.000000;0.000000;0.000000;0.000000;0.000000;0.000000;0.000000;0.000000;0.000000;0.000000
0.000000;0.017231;0.000000;0.000000;0.000000;0.035415;0.000000;0.000000;0.000000;0.000000;0.000000;0.000000;0.000000;0.000000;0.000000;0.000000;0.000000;0.000000;0.000000;0.000000;0.000000;0.000000;0.000000;0.000000;0.000000;0.000000;0.000000;0.000000;0.000000;0.000000;0.000000;0.000000;0.000000;0.000000;0.000000;0.000000
0.000000;0.015837;0.000000;0.000000;0.000000;0.027985;0.000000;0.000000;0.000000;0.000000;0.000000;0.000000;0.000000;0.000000;0.000000;0.000000;0.000000;0.000000;0.000000;0.000000;0.000000;0.000000;0.000000;0.000000;0.000000;0.000000;0.000000;0.000000;0.000000;0.000000;0.000000;0.000000;0.000000;0.000000;0.000000;0.000000
0.000000;0.016285;0.000000;0.000000;0.000000;0.033203;0.000000;0.000000;0.000000;0.000000;0.000000;0.000000;0.000000;0.000000;0.000000;0.000000;0.000000;0.000000;0.000000;0.000000;0.000000;0.000000;0.000000;0.000000;0.000000;0.000000;0.000000;0.000000;0.000000;0.000000;0.000000;0.000000;0.000000;0.000000;0.000000;0.000000
0.000000;0.017058;0.000000;0.000000;0.000000;0.037042;0.000000;0.000000;0.000000;0.000000;0.000000;0.000000;0.000000;0.000000;0.000000;0.000000;0.000000;0.000000;0.000000;0.000000;0.000000;0.000000;0.000000;0.000000;0.000000;0.000000;0.000000;0.000000;0.000000;0.000000;0.000000;0.000000;0.000000;0.000000;0.000000;0.000000
0.000000;0.012872;0.000000;0.000000;0.000000;0.023531;0.000000;0.000000;0.000000;0.000000;0.000000;0.000000;0.000000;0.000000;0.000000;0.000000;0.000000;0.000000;0.000000;0.000000;0.000000;0.000000;0.000000;0.000000;0.000000;0.000000;0.000000;0.000000;0.000000;0.000000;0.000000;0.000000;0.000000;0.000000;0.000000;0.000000
0.000000;0.016024;0.000000;0.000000;0.000000;0.033030;0.000000;0.000000;0.000000;0.000000;0.000000;0.000000;0.000000;0.000000;0.000000;0.000000;0.000000;0.000000;0.000000;0.000000;0.000000;0.000000;0.000000;0.000000;0.000000;0.000000;0.000000;0.000000;0.000000;0.000000;0.000000;0.000000;0.000000;0.000000;0.000000;0.000000
0.000000;0.015336;0.000000;0.000000;0.000000;0.033130;0.000000;0.000000;0.000000;0.000000;0.000000;0.000000;0.000000;0.000000;0.000000;0.000000;0.000000;0.000000;0.000000;0.000000;0.000000;0.000000;0.000000;0.000000;0.000000;0.000000;0.000000;0.000000;0.000000;0.000000;0.000000;0.000000;0.000000;0.000000;0.000000;0.000000
0.000000;0.015810;0.000000;0.000000;0.000000;0.031603;0.000000;0.000000;0.000000;0.000000;0.000000;0.000000;0.000000;0.000000;0.000000;0.000000;0.000000;0.000000;0.000000;0.000000;0.000000;0.000000;0.000000;0.000000;0.000000;0.000000;0.000000;0.000000;0.000000;0.000000;0.000000;0.000000;0.000000;0.000000;0.000000;0.000000
0.000000;0.017127;0.000000;0.000000;0.000000;0.034535;0.000000;0.000000;0.000000;0.000000;0.000000;0.000000;0.000000;0.000000;0.000000;0.000000;0.000000;0.000000;0.000000;0.000000;0.000000;0.000000;0.000000;0.000000;0.000000;0.000000;0.000000;0.000000;0.000000;0.000000;0.000000;0.000000;0.000000;0.000000;0.000000;0.000000
0.000000;0.014877;0.000000;0.000000;0.000000;0.029954;0.000000;0.000000;0.000000;0.000000;0.000000;0.000000;0.000000;0.000000;0.000000;0.000000;0.000000;0.000000;0.000000;0.000000;0.000000;0.000000;0.000000;0.000000;0.000000;0.000000;0.000000;0.000000;0.000000;0.000000;0.000000;0.000000;0.000000;0.000000;0.000000;0.000000
0.000000;0.014749;0.000000;0.000000;0.000000;0.026731;0.000000;0.000000;0.000000;0.000000;0.000000;0.000000;0.000000;0.000000;0.000000;0.000000;0.000000;0.000000;0.000000;0.000000;0.000000;0.000000;0.000000;0.000000;0.000000;0.000000;0.000000;0.000000;0.000000;0.000000;0.000000;0.000000;0.000000;0.000000;0.000000;0.000000
0.000000;0.015562;0.000000;0.000000;0.000000;0.030903;0.000000;0.000000;0.000000;0.000000;0.000000;0.000000;0.000000;0.000000;0.000000;0.000000;0.000000;0.000000;0.000000;0.000000;0.000000;0.000000;0.000000;0.000000;0.000000;0.000000;0.000000;0.000000;0.000000;0.000000;0.000000;0.000000;0.000000;0.000000;0.000000;0.000000
0.000000;0.017138;0.000000;0.000000;0.000000;0.039640;0.000000;0.000000;0.000000;0.000000;0.000000;0.000000;0.000000;0.000000;0.000000;0.000000;0.000000;0.000000;0.000000;0.000000;0.000000;0.000000;0.000000;0.000000;0.000000;0.000000;0.000000;0.000000;0.000000;0.000000;0.000000;0.000000;0.000000;0.000000;0.000000;0.000000
0.000000;0.012570;0.000000;0.000000;0.000000;0.022517;0.000000;0.000000;0.000000;0.000000;0.000000;0.000000;0.000000;0.000000;0.000000;0.000000;0.000000;0.000000;0.000000;0.000000;0.000000;0.000000;0.000000;0.000000;0.000000;0.000000;0.000000;0.000000;0.000000;0.000000;0.000000;0.000000;0.000000;0.000000;0.000000;0.000000
0.000000;0.013131;0.000000;0.000000;0.000000;0.025753;0.000000;0.000000;0.000000;0.000000;0.000000;0.000000;0.000000;0.000000;0.000000;0.000000;0.000000;0.000000;0.000000;0.000000;0.000000;0.000000;0.000000;0.000000;0.000000;0.000000;0.000000;0.000000;0.000000;0.000000;0.000000;0.000000;0.000000;0.000000;0.000000;0.000000
0.000000;0.014299;0.000000;0.000000;0.000000;0.024844;0.000000;0.000000;0.000000;0.000000;0.000000;0.000000;0.000000;0.000000;0.000000;0.000000;0.000000;0.000000;0.000000;0.000000;0.000000;0.000000;0.000000;0.000000;0.000000;0.000000;0.000000;0.000000;0.000000;0.000000;0.000000;0.000000;0.000000;0.000000;0.000000;0.000000
0.000000;0.015395;0.000000;0.000000;0.000000;0.026835;0.000000;0.000000;0.000000;0.000000;0.000000;0.000000;0.000000;0.000000;0.000000;0.000000;0.000000;0.000000;0.000000;0.000000;0.000000;0.000000;0.000000;0.000000;0.000000;0.000000;0.000000;0.000000;0.000000;0.000000;0.000000;0.000000;0.000000;0.000000;0.000000;0.000000
0.000000;0.016586;0.000000;0.000000;0.000000;0.034020;0.000000;0.000000;0.000000;0.000000;0.000000;0.000000;0.000000;0.000000;0.000000;0.000000;0.000000;0.000000;0.000000;0.000000;0.000000;0.000000;0.000000;0.000000;0.000000;0.000000;0.000000;0.000000;0.000000;0.000000;0.000000;0.000000;0.000000;0.000000;0.000000;0.000000
0.000000;0.011378;0.000000;0.000000;0.000000;0.016751;0.000000;0.000000;0.000000;0.000000;0.000000;0.000000;0.000000;0.000000;0.000000;0.000000;0.000000;0.000000;0.000000;0.000000;0.000000;0.000000;0.000000;0.000000;0.000000;0.000000;0.000000;0.000000;0.000000;0.000000;0.000000;0.000000;0.000000;0.000000;0.000000;0.000000
0.000000;0.012391;0.000000;0.000000;0.000000;0.019761;0.000000;0.000000;0.000000;0.000000;0.000000;0.000000;0.000000;0.000000;0.000000;0.000000;0.000000;0.000000;0.000000;0.000000;0.000000;0.000000;0.000000;0.000000;0.000000;0.000000;0.000000;0.000000;0.000000;0.000000;0.000000;0.000000;0.000000;0.000000;0.000000;0.000000
0.000000;0.015938;0.000000;0.000000;0.000000;0.034126;0.000000;0.000000;0.000000;0.000000;0.000000;0.000000;0.000000;0.000000;0.000000;0.000000;0.000000;0.000000;0.000000;0.000000;0.000000;0.000000;0.000000;0.000000;0.000000;0.000000;0.000000;0.000000;0.000000;0.000000;0.000000;0.000000;0.000000;0.000000;0.000000;0.000000
0.000000;0.014292;0.000000;0.000000;0.000000;0.027083;0.000000;0.000000;0.000000;0.000000;0.000000;0.000000;0.000000;0.000000;0.000000;0.000000;0.000000;0.000000;0.000000;0.000000;0.000000;0.000000;0.000000;0.000000;0.000000;0.000000;0.000000;0.000000;0.000000;0.000000;0.000000;0.000000;0.000000;0.000000;0.000000;0.000000
0.000000;0.015945;0.000000;0.000000;0.000000;0.034737;0.000000;0.000000;0.000000;0.000000;0.000000;0.000000;0.000000;0.000000;0.000000;0.000000;0.000000;0.000000;0.000000;0.000000;0.000000;0.000000;0.000000;0.000000;0.000000;0.000000;0.000000;0.000000;0.000000;0.000000;0.000000;0.000000;0.000000;0.000000;0.000000;0.000000
0.000000;0.017247;0.000000;0.000000;0.000000;0.039719;0.000000;0.000000;0.000000;0.000000;0.000000;0.000000;0.000000;0.000000;0.000000;0.000000;0.000000;0.000000;0.000000;0.000000;0.000000;0.000000;0.000000;0.000000;0.000000;0.000000;0.000000;0.000000;0.000000;0.000000;0.000000;0.000000;0.000000;0.000000;0.000000;0.000000
0.000000;0.014585;0.000000;0.000000;0.000000;0.027684;0.000000;0.000000;0.000000;0.000000;0.000000;0.000000;0.000000;0.000000;0.000000;0.000000;0.000000;0.000000;0.000000;0.000000;0.000000;0.000000;0.000000;0.000000;0.000000;0.000000;0.000000;0.000000;0.000000;0.000000;0.000000;0.000000;0.000000;0.000000;0.000000;0.000000
0.000000;0.013131;0.000000;0.000000;0.000000;0.024775;0.000000;0.000000;0.000000;0.000000;0.000000;0.000000;0.000000;0.000000;0.000000;0.000000;0.000000;0.000000;0.000000;0.000000;0.000000;0.000000;0.000000;0.000000;0.000000;0.000000;0.000000;0.000000;0.000000;0.000000;0.000000;0.000000;0.000000;0.000000;0.000000;0.000000
0.000000;0.011261;0.000000;0.000000;0.000000;0.017474;0.000000;0.000000;0.000000;0.000000;0.000000;0.000000;0.000000;0.000000;0.000000;0.000000;0.000000;0.000000;0.000000;0.000000;0.000000;0.000000;0.000000;0.000000;0.000000;0.000000;0.000000;0.000000;0.000000;0.000000;0.000000;0.000000;0.000000;0.000000;0.000000;0.000000
0.000000;0.014970;0.000000;0.000000;0.000000;0.033034;0.000000;0.000000;0.000000;0.000000;0.000000;0.000000;0.000000;0.000000;0.000000;0.000000;0.000000;0.000000;0.000000;0.000000;0.000000;0.000000;0.000000;0.000000;0.000000;0.000000;0.000000;0.000000;0.000000;0.000000;0.000000;0.000000;0.000000;0.000000;0.000000;0.000000
0.000000;0.014460;0.000000;0.000000;0.000000;0.030758;0.000000;0.000000;0.000000;0.000000;0.000000;0.000000;0.000000;0.000000;0.000000;0.000000;0.000000;0.000000;0.000000;0.000000;0.000000;0.000000;0.000000;0.000000;0.000000;0.000000;0.000000;0.000000;0.000000;0.000000;0.000000;0.000000;0.000000;0.000000;0.000000;0.000000
0.000000;0.015540;0.000000;0.000000;0.000000;0.032545;0.000000;0.000000;0.000000;0.000000;0.000000;0.000000;0.000000;0.000000;0.000000;0.000000;0.000000;0.000000;0.000000;0.000000;0.000000;0.000000;0.000000;0.000000;0.000000;0.000000;0.000000;0.000000;0.000000;0.000000;0.000000;0.000000;0.000000;0.000000;0.000000;0.000000
0.000000;0.014107;0.000000;0.000000;0.000000;0.028199;0.000000;0.000000;0.000000;0.000000;0.000000;0.000000;0.000000;0.000000;0.000000;0.000000;0.000000;0.000000;0.000000;0.000000;0.000000;0.000000;0.000000;0.000000;0.000000;0.000000;0.000000;0.000000;0.000000;0.000000;0.000000;0.000000;0.000000;0.000000;0.000000;0.000000
0.000000;0.013387;0.000000;0.000000;0.000000;0.023354;0.000000;0.000000;0.000000;0.000000;0.000000;0.000000;0.000000;0.000000;0.000000;0.000000;0.000000;0.000000;0.000000;0.000000;0.000000;0.000000;0.000000;0.000000;0.000000;0.000000;0.000000;0.000000;0.000000;0.000000;0.000000;0.000000;0.000000;0.000000;0.000000;0.000000
0.000000;0.012527;0.000000;0.000000;0.000000;0.024634;0.000000;0.000000;0.000000;0.000000;0.000000;0.000000;0.000000;0.000000;0.000000;0.000000;0.000000;0.000000;0.000000;0.000000;0.000000;0.000000;0.000000;0.000000;0.000000;0.000000;0.000000;0.000000;0.000000;0.000000;0.000000;0.000000;0.000000;0.000000;0.000000;0.000000
0.000000;0.017980;0.000000;0.000000;0.000000;0.042336;0.000000;0.000000;0.000000;0.000000;0.000000;0.000000;0.000000;0.000000;0.000000;0.000000;0.000000;0.000000;0.000000;0.000000;0.000000;0.000000;0.000000;0.000000;0.000000;0.000000;0.000000;0.000000;0.000000;0.000000;0.000000;0.000000;0.000000;0.000000;0.000000;0.000000
0.000000;0.015777;0.000000;0.000000;0.000000;0.035860;0.000000;0.000000;0.000000;0.000000;0.000000;0.000000;0.000000;0.000000;0.000000;0.000000;0.000000;0.000000;0.000000;0.000000;0.000000;0.000000;0.000000;0.000000;0.000000;0.000000;0.000000;0.000000;0.000000;0.000000;0.000000;0.000000;0.000000;0.000000;0.000000;0.000000
0.000000;0.013492;0.000000;0.000000;0.000000;0.026159;0.000000;0.000000;0.000000;0.000000;0.000000;0.000000;0.000000;0.000000;0.000000;0.000000;0.000000;0.000000;0.000000;0.000000;0.000000;0.000000;0.000000;0.000000;0.000000;0.000000;0.000000;0.000000;0.000000;0.000000;0.000000;0.000000;0.000000;0.000000;0.000000;0.000000
0.000000;0.011277;0.000000;0.000000;0.000000;0.021916;0.000000;0.000000;0.000000;0.000000;0.000000;0.000000;0.000000;0.000000;0.000000;0.000000;0.000000;0.000000;0.000000;0.000000;0.000000;0.000000;0.000000;0.000000;0.000000;0.000000;0.000000;0.000000;0.000000;0.000000;0.000000;0.000000;0.000000;0.000000;0.000000;0.000000
0.000000;0.015456;0.000000;0.000000;0.000000;0.033010;0.000000;0.000000;0.000000;0.000000;0.000000;0.000000;0.000000;0.000000;0.000000;0.000000;0.000000;0.000000;0.000000;0.000000;0.000000;0.000000;0.000000;0.000000;0.000000;0.000000;0.000000;0.000000;0.000000;0.000000;0.000000;0.000000;0.000000;0.000000;0.000000;0.000000
0.000000;0.011941;0.000000;0.000000;0.000000;0.022696;0.000000;0.000000;0.000000;0.000000;0.000000;0.000000;0.000000;0.000000;0.000000;0.000000;0.000000;0.000000;0.000000;0.000000;0.000000;0.000000;0.000000;0.000000;0.000000;0.000000;0.000000;0.000000;0.000000;0.000000;0.000000;0.000000;0.000000;0.000000;0.000000;0.000000
0.000000;0.012599;0.000000;0.000000;0.000000;0.023117;0.000000;0.000000;0.000000;0.000000;0.000000;0.000000;0.000000;0.000000;0.000000;0.000000;0.000000;0.000000;0.000000;0.000000;0.000000;0.000000;0.000000;0.000000;0.000000;0.000000;0.000000;0.000000;0.000000;0.000000;0.000000;0.000000;0.000000;0.000000;0.000000;0.000000
0.000000;0.017624;0.000000;0.000000;0.000000;0.040218;0.000000;0.000000;0.000000;0.000000;0.000000;0.000000;0.000000;0.000000;0.000000;0.000000;0.000000;0.000000;0.000000;0.000000;0.000000;0.000000;0.000000;0.000000;0.000000;0.000000;0.000000;0.000000;0.000000;0.000000;0.000000;0.000000;0.000000;0.000000;0.000000;0.000000
0.000000;0.015094;0.000000;0.000000;0.000000;0.034698;0.000000;0.000000;0.000000;0.000000;0.000000;0.000000;0.000000;0.000000;0.000000;0.000000;0.000000;0.000000;0.000000;0.000000;0.000000;0.000000;0.000000;0.000000;0.000000;0.000000;0.000000;0.000000;0.000000;0.000000;0.000000;0.000000;0.000000;0.000000;0.000000;0.000000
0.000000;0.012504;0.000000;0.000000;0.000000;0.022844;0.000000;0.000000;0.000000;0.000000;0.000000;0.000000;0.000000;0.000000;0.000000;0.000000;0.000000;0.000000;0.000000;0.000000;0.000000;0.000000;0.000000;0.000000;0.000000;0.000000;0.000000;0.000000;0.000000;0.000000;0.000000;0.000000;0.000000;0.000000;0.000000;0.000000
0.000000;0.011892;0.000000;0.000000;0.000000;0.022332;0.000000;0.000000;0.000000;0.000000;0.000000;0.000000;0.000000;0.000000;0.000000;0.000000;0.000000;0.000000;0.000000;0.000000;0.000000;0.000000;0.000000;0.000000;0.000000;0.000000;0.000000;0.000000;0.000000;0.000000;0.000000;0.000000;0.000000;0.000000;0.000000;0.000000
0.000000;0.012830;0.000000;0.000000;0.000000;0.025591;0.000000;0.000000;0.000000;0.000000;0.000000;0.000000;0.000000;0.000000;0.000000;0.000000;0.000000;0.000000;0.000000;0.000000;0.000000;0.000000;0.000000;0.000000;0.000000;0.000000;0.000000;0.000000;0.000000;0.000000;0.000000;0.000000;0.000000;0.000000;0.000000;0.000000
0.000000;0.014785;0.000000;0.000000;0.000000;0.029391;0.000000;0.000000;0.000000;0.000000;0.000000;0.000000;0.000000;0.000000;0.000000;0.000000;0.000000;0.000000;0.000000;0.000000;0.000000;0.000000;0.000000;0.000000;0.000000;0.000000;0.000000;0.000000;0.000000;0.000000;0.000000;0.000000;0.000000;0.000000;0.000000;0.000000
0.000000;0.011622;0.000000;0.000000;0.000000;0.022947;0.000000;0.000000;0.000000;0.000000;0.000000;0.000000;0.000000;0.000000;0.000000;0.000000;0.000000;0.000000;0.000000;0.000000;0.000000;0.000000;0.000000;0.000000;0.000000;0.000000;0.000000;0.000000;0.000000;0.000000;0.000000;0.000000;0.000000;0.000000;0.000000;0.000000
0.000000;0.012883;0.000000;0.000000;0.000000;0.026304;0.000000;0.000000;0.000000;0.000000;0.000000;0.000000;0.000000;0.000000;0.000000;0.000000;0.000000;0.000000;0.000000;0.000000;0.000000;0.000000;0.000000;0.000000;0.000000;0.000000;0.000000;0.000000;0.000000;0.000000;0.000000;0.000000;0.000000;0.000000;0.000000;0.000000
0.000000;0.013477;0.000000;0.000000;0.000000;0.029229;0.000000;0.000000;0.000000;0.000000;0.000000;0.000000;0.000000;0.000000;0.000000;0.000000;0.000000;0.000000;0.000000;0.000000;0.000000;0.000000;0.000000;0.000000;0.000000;0.000000;0.000000;0.000000;0.000000;0.000000;0.000000;0.000000;0.000000;0.000000;0.000000;0.000000
0.000000;0.013667;0.000000;0.000000;0.000000;0.025479;0.000000;0.000000;0.000000;0.000000;0.000000;0.000000;0.000000;0.000000;0.000000;0.000000;0.000000;0.000000;0.000000;0.000000;0.000000;0.000000;0.000000;0.000000;0.000000;0.000000;0.000000;0.000000;0.000000;0.000000;0.000000;0.000000;0.000000;0.000000;0.000000;0.000000
0.000000;0.015813;0.000000;0.000000;0.000000;0.038763;0.000000;0.000000;0.000000;0.000000;0.000000;0.000000;0.000000;0.000000;0.000000;0.000000;0.000000;0.000000;0.000000;0.000000;0.000000;0.000000;0.000000;0.000000;0.000000;0.000000;0.000000;0.000000;0.000000;0.000000;0.000000;0.000000;0.000000;0.000000;0.000000;0.000000
0.000000;0.015756;0.000000;0.000000;0.000000;0.035387;0.000000;0.000000;0.000000;0.000000;0.000000;0.000000;0.000000;0.000000;0.000000;0.000000;0.000000;0.000000;0.000000;0.000000;0.000000;0.000000;0.000000;0.000000;0.000000;0.000000;0.000000;0.000000;0.000000;0.000000;0.000000;0.000000;0.000000;0.000000;0.000000;0.000000
0.000000;0.013863;0.000000;0.000000;0.000000;0.029762;0.000000;0.000000;0.000000;0.000000;0.000000;0.000000;0.000000;0.000000;0.000000;0.000000;0.000000;0.000000;0.000000;0.000000;0.000000;0.000000;0.000000;0.000000;0.000000;0.000000;0.000000;0.000000;0.000000;0.000000;0.000000;0.000000;0.000000;0.000000;0.000000;0.000000
0.000000;0.010852;0.000000;0.000000;0.000000;0.018718;0.000000;0.000000;0.000000;0.000000;0.000000;0.000000;0.000000;0.000000;0.000000;0.000000;0.000000;0.000000;0.000000;0.000000;0.000000;0.000000;0.000000;0.000000;0.000000;0.000000;0.000000;0.000000;0.000000;0.000000;0.000000;0.000000;0.000000;0.000000;0.000000;0.000000
0.000000;0.014876;0.000000;0.000000;0.000000;0.031480;0.000000;0.000000;0.000000;0.000000;0.000000;0.000000;0.000000;0.000000;0.000000;0.000000;0.000000;0.000000;0.000000;0.000000;0.000000;0.000000;0.000000;0.000000;0.000000;0.000000;0.000000;0.000000;0.000000;0.000000;0.000000;0.000000;0.000000;0.000000;0.000000;0.000000
0.000000;0.012855;0.000000;0.000000;0.000000;0.025060;0.000000;0.000000;0.000000;0.000000;0.000000;0.000000;0.000000;0.000000;0.000000;0.000000;0.000000;0.000000;0.000000;0.000000;0.000000;0.000000;0.000000;0.000000;0.000000;0.000000;0.000000;0.000000;0.000000;0.000000;0.000000;0.000000;0.000000;0.000000;0.000000;0.000000
0.000000;0.012447;0.000000;0.000000;0.000000;0.023839;0.000000;0.000000;0.000000;0.000000;0.000000;0.000000;0.000000;0.000000;0.000000;0.000000;0.000000;0.000000;0.000000;0.000000;0.000000;0.000000;0.000000;0.000000;0.000000;0.000000;0.000000;0.000000;0.000000;0.000000;0.000000;0.000000;0.000000;0.000000;0.000000;0.000000
0.000000;0.012937;0.000000;0.000000;0.000000;0.026452;0.000000;0.000000;0.000000;0.000000;0.000000;0.000000;0.000000;0.000000;0.000000;0.000000;0.000000;0.000000;0.000000;0.000000;0.000000;0.000000;0.000000;0.000000;0.000000;0.000000;0.000000;0.000000;0.000000;0.000000;0.000000;0.000000;0.000000;0.000000;0.000000;0.000000
0.000000;0.014811;0.000000;0.000000;0.000000;0.031766;0.000000;0.000000;0.000000;0.000000;0.000000;0.000000;0.000000;0.000000;0.000000;0.000000;0.000000;0.000000;0.000000;0.000000;0.000000;0.000000;0.000000;0.000000;0.000000;0.000000;0.000000;0.000000;0.000000;0.000000;0.000000;0.000000;0.000000;0.000000;0.000000;0.000000
0.000000;0.010957;0.000000;0.000000;0.000000;0.018824;0.000000;0.000000;0.000000;0.000000;0.000000;0.000000;0.000000;0.000000;0.000000;0.000000;0.000000;0.000000;0.000000;0.000000;0.000000;0.000000;0.000000;0.000000;0.000000;0.000000;0.000000;0.000000;0.000000;0.000000;0.000000;0.000000;0.000000;0.000000;0.000000;0.000000
0.000000;0.012775;0.000000;0.000000;0.000000;0.025031;0.000000;0.000000;0.000000;0.000000;0.000000;0.000000;0.000000;0.000000;0.000000;0.000000;0.000000;0.000000;0.000000;0.000000;0.000000;0.000000;0.000000;0.000000;0.000000;0.000000;0.000000;0.000000;0.000000;0.000000;0.000000;0.000000;0.000000;0.000000;0.000000;0.000000
0.000000;0.012365;0.000000;0.000000;0.000000;0.024897;0.000000;0.000000;0.000000;0.000000;0.000000;0.000000;0.000000;0.000000;0.000000;0.000000;0.000000;0.000000;0.000000;0.000000;0.000000;0.000000;0.000000;0.000000;0.000000;0.000000;0.000000;0.000000;0.000000;0.000000;0.000000;0.000000;0.000000;0.000000;0.000000;0.000000
0.000000;0.013586;0.000000;0.000000;0.000000;0.028468;0.000000;0.000000;0.000000;0.000000;0.000000;0.000000;0.000000;0.000000;0.000000;0.000000;0.000000;0.000000;0.000000;0.000000;0.000000;0.000000;0.000000;0.000000;0.000000;0.000000;0.000000;0.000000;0.000000;0.000000;0.000000;0.000000;0.000000;0.000000;0.000000;0.000000
0.000000;0.013145;0.000000;0.000000;0.000000;0.026887;0.000000;0.000000;0.000000;0.000000;0.000000;0.000000;0.000000;0.000000;0.000000;0.000000;0.000000;0.000000;0.000000;0.000000;0.000000;0.000000;0.000000;0.000000;0.000000;0.000000;0.000000;0.000000;0.000000;0.000000;0.000000;0.000000;0.000000;0.000000;0.000000;0.000000
0.000000;0.015331;0.000000;0.000000;0.000000;0.029901;0.000000;0.000000;0.000000;0.000000;0.000000;0.000000;0.000000;0.000000;0.000000;0.000000;0.000000;0.000000;0.000000;0.000000;0.000000;0.000000;0.000000;0.000000;0.000000;0.000000;0.000000;0.000000;0.000000;0.000000;0.000000;0.000000;0.000000;0.000000;0.000000;0.000000
0.000000;0.012211;0.000000;0.000000;0.000000;0.021136;0.000000;0.000000;0.000000;0.000000;0.000000;0.000000;0.000000;0.000000;0.000000;0.000000;0.000000;0.000000;0.000000;0.000000;0.000000;0.000000;0.000000;0.000000;0.000000;0.000000;0.000000;0.000000;0.000000;0.000000;0.000000;0.000000;0.000000;0.000000;0.000000;0.000000
0.000000;0.013943;0.000000;0.000000;0.000000;0.031237;0.000000;0.000000;0.000000;0.000000;0.000000;0.000000;0.000000;0.000000;0.000000;0.000000;0.000000;0.000000;0.000000;0.000000;0.000000;0.000000;0.000000;0.000000;0.000000;0.000000;0.000000;0.000000;0.000000;0.000000;0.000000;0.000000;0.000000;0.000000;0.000000;0.000000
0.000000;0.011041;0.000000;0.000000;0.000000;0.020698;0.000000;0.000000;0.000000;0.000000;0.000000;0.000000;0.000000;0.000000;0.000000;0.000000;0.000000;0.000000;0.000000;0.000000;0.000000;0.000000;0.000000;0.000000;0.000000;0.000000;0.000000;0.000000;0.000000;0.000000;0.000000;0.000000;0.000000;0.000000;0.000000;0.000000
0.000000;0.010894;0.000000;0.000000;0.000000;0.018149;0.000000;0.000000;0.000000;0.000000;0.000000;0.000000;0.000000;0.000000;0.000000;0.000000;0.000000;0.000000;0.000000;0.000000;0.000000;0.000000;0.000000;0.000000;0.000000;0.000000;0.000000;0.000000;0.000000;0.000000;0.000000;0.000000;0.000000;0.000000;0.000000;0.000000
0.000000;0.016667;0.000000;0.000000;0.000000;0.036862;0.000000;0.000000;0.000000;0.000000;0.000000;0.000000;0.000000;0.000000;0.000000;0.000000;0.000000;0.000000;0.000000;0.000000;0.000000;0.000000;0.000000;0.000000;0.000000;0.000000;0.000000;0.000000;0.000000;0.000000;0.000000;0.000000;0.000000;0.000000;0.000000;0.000000
0.000000;0.015283;0.000000;0.000000;0.000000;0.035589;0.000000;0.000000;0.000000;0.000000;0.000000;0.000000;0.000000;0.000000;0.000000;0.000000;0.000000;0.000000;0.000000;0.000000;0.000000;0.000000;0.000000;0.000000;0.000000;0.000000;0.000000;0.000000;0.000000;0.000000;0.000000;0.000000;0.000000;0.000000;0.000000;0.000000
0.000000;0.013780;0.000000;0.000000;0.000000;0.027951;0.000000;0.000000;0.000000;0.000000;0.000000;0.000000;0.000000;0.000000;0.000000;0.000000;0.000000;0.000000;0.000000;0.000000;0.000000;0.000000;0.000000;0.000000;0.000000;0.000000;0.000000;0.000000;0.000000;0.000000;0.000000;0.000000;0.000000;0.000000;0.000000;0.000000
0.000000;0.012047;0.000000;0.000000;0.000000;0.023906;0.000000;0.000000;0.000000;0.000000;0.000000;0.000000;0.000000;0.000000;0.000000;0.000000;0.000000;0.000000;0.000000;0.000000;0.000000;0.000000;0.000000;0.000000;0.000000;0.000000;0.000000;0.000000;0.000000;0.000000;0.000000;0.000000;0.000000;0.000000;0.000000;0.000000
0.000000;0.012406;0.000000;0.000000;0.000000;0.022723;0.000000;0.000000;0.000000;0.000000;0.000000;0.000000;0.000000;0.000000;0.000000;0.000000;0.000000;0.000000;0.000000;0.000000;0.000000;0.000000;0.000000;0.000000;0.000000;0.000000;0.000000;0.000000;0.000000;0.000000;0.000000;0.000000;0.000000;0.000000;0.000000;0.000000
0.000000;0.013494;0.000000;0.000000;0.000000;0.029041;0.000000;0.000000;0.000000;0.000000;0.000000;0.000000;0.000000;0.000000;0.000000;0.000000;0.000000;0.000000;0.000000;0.000000;0.000000;0.000000;0.000000;0.000000;0.000000;0.000000;0.000000;0.000000;0.000000;0.000000;0.000000;0.000000;0.000000;0.000000;0.000000;0.000000
0.000000;0.013683;0.000000;0.000000;0.000000;0.029831;0.000000;0.000000;0.000000;0.000000;0.000000;0.000000;0.000000;0.000000;0.000000;0.000000;0.000000;0.000000;0.000000;0.000000;0.000000;0.000000;0.000000;0.000000;0.000000;0.000000;0.000000;0.000000;0.000000;0.000000;0.000000;0.000000;0.000000;0.000000;0.000000;0.000000
0.000000;0.013933;0.000000;0.000000;0.000000;0.030474;0.000000;0.000000;0.000000;0.000000;0.000000;0.000000;0.000000;0.000000;0.000000;0.000000;0.000000;0.000000;0.000000;0.000000;0.000000;0.000000;0.000000;0.000000;0.000000;0.000000;0.000000;0.000000;0.000000;0.000000;0.000000;0.000000;0.000000;0.000000;0.000000;0.000000
0.000000;0.014117;0.000000;0.000000;0.000000;0.028101;0.000000;0.000000;0.000000;0.000000;0.000000;0.000000;0.000000;0.000000;0.000000;0.000000;0.000000;0.000000;0.000000;0.000000;0.000000;0.000000;0.000000;0.000000;0.000000;0.000000;0.000000;0.000000;0.000000;0.000000;0.000000;0.000000;0.000000;0.000000;0.000000;0.000000
0.000000;0.013670;0.000000;0.000000;0.000000;0.030771;0.000000;0.000000;0.000000;0.000000;0.000000;0.000000;0.000000;0.000000;0.000000;0.000000;0.000000;0.000000;0.000000;0.000000;0.000000;0.000000;0.000000;0.000000;0.000000;0.000000;0.000000;0.000000;0.000000;0.000000;0.000000;0.000000;0.000000;0.000000;0.000000;0.000000
0.000000;0.012644;0.000000;0.000000;0.000000;0.029329;0.000000;0.000000;0.000000;0.000000;0.000000;0.000000;0.000000;0.000000;0.000000;0.000000;0.000000;0.000000;0.000000;0.000000;0.000000;0.000000;0.000000;0.000000;0.000000;0.000000;0.000000;0.000000;0.000000;0.000000;0.000000;0.000000;0.000000;0.000000;0.000000;0.000000
0.000000;0.014634;0.000000;0.000000;0.000000;0.029690;0.000000;0.000000;0.000000;0.000000;0.000000;0.000000;0.000000;0.000000;0.000000;0.000000;0.000000;0.000000;0.000000;0.000000;0.000000;0.000000;0.000000;0.000000;0.000000;0.000000;0.000000;0.000000;0.000000;0.000000;0.000000;0.000000;0.000000;0.000000;0.000000;0.000000
0.000000;0.011855;0.000000;0.000000;0.000000;0.023014;0.000000;0.000000;0.000000;0.000000;0.000000;0.000000;0.000000;0.000000;0.000000;0.000000;0.000000;0.000000;0.000000;0.000000;0.000000;0.000000;0.000000;0.000000;0.000000;0.000000;0.000000;0.000000;0.000000;0.000000;0.000000;0.000000;0.000000;0.000000;0.000000;0.000000
0.000000;0.014261;0.000000;0.000000;0.000000;0.031128;0.000000;0.000000;0.000000;0.000000;0.000000;0.000000;0.000000;0.000000;0.000000;0.000000;0.000000;0.000000;0.000000;0.000000;0.000000;0.000000;0.000000;0.000000;0.000000;0.000000;0.000000;0.000000;0.000000;0.000000;0.000000;0.000000;0.000000;0.000000;0.000000;0.000000
0.000000;0.012105;0.000000;0.000000;0.000000;0.022085;0.000000;0.000000;0.000000;0.000000;0.000000;0.000000;0.000000;0.000000;0.000000;0.000000;0.000000;0.000000;0.000000;0.000000;0.000000;0.000000;0.000000;0.000000;0.000000;0.000000;0.000000;0.000000;0.000000;0.000000;0.000000;0.000000;0.000000;0.000000;0.000000;0.000000
0.000000;0.011215;0.000000;0.000000;0.000000;0.019878;0.000000;0.000000;0.000000;0.000000;0.000000;0.000000;0.000000;0.000000;0.000000;0.000000;0.000000;0.000000;0.000000;0.000000;0.000000;0.000000;0.000000;0.000000;0.000000;0.000000;0.000000;0.000000;0.000000;0.000000;0.000000;0.000000;0.000000;0.000000;0.000000;0.000000
0.000000;0.016874;0.000000;0.000000;0.000000;0.039406;0.000000;0.000000;0.000000;0.000000;0.000000;0.000000;0.000000;0.000000;0.000000;0.000000;0.000000;0.000000;0.000000;0.000000;0.000000;0.000000;0.000000;0.000000;0.000000;0.000000;0.000000;0.000000;0.000000;0.000000;0.000000;0.000000;0.000000;0.000000;0.000000;0.000000
0.000000;0.014291;0.000000;0.000000;0.000000;0.030101;0.000000;0.000000;0.000000;0.000000;0.000000;0.000000;0.000000;0.000000;0.000000;0.000000;0.000000;0.000000;0.000000;0.000000;0.000000;0.000000;0.000000;0.000000;0.000000;0.000000;0.000000;0.000000;0.000000;0.000000;0.000000;0.000000;0.000000;0.000000;0.000000;0.000000
